# Compacted intersection tree filter model
# Depth reduced while maintaining 100% accuracy

8 10 16

# W matrix (255 x 10 = 2550 values)
-1.6911455392837524 0.6880322694778442 0.6492301225662231 -0.8784375190734863 -0.11508776247501373 0.6806038618087769 -0.5366693139076233 -1.956478238105774 0.02672203630208969 0.6217268705368042
1.3006618022918701 0.6690900921821594 -0.7003399729728699 -2.0 -0.42316943407058716 0.7383901476860046 -0.04816696047782898 1.3936171531677246 1.4641804695129395 1.820000171661377
1.0208581686019897 0.8242049217224121 -1.4936094284057617 0.4159339666366577 -0.6450913548469543 -0.7815042734146118 -1.230325698852539 0.1165541335940361 0.41832858324050903 -1.2826204299926758
0.8574943542480469 -1.1658681631088257 -0.31471365690231323 1.0660266876220703 -1.9539501667022705 -0.1423223316669464 -0.5574705004692078 0.6673223376274109 0.4710898697376251 -0.768812358379364
0.827784538269043 1.9999920129776 -0.29231616854667664 -0.31577765941619873 2.0 1.783499836921692 -1.904430627822876 -0.6899182796478271 1.2111308574676514 1.9100000858306885
-1.499657154083252 0.7015764117240906 0.14733056724071503 -0.0765274167060852 0.5081481337547302 -1.0744410753250122 -1.7750002145767212 1.4945640563964844 1.8574570417404175 1.6344902515411377
0.0 0.0 0.0 0.0 0.0 0.0 0.0 0.0 0.0 0.0
1.9273371696472168 -0.1837954968214035 -0.10562165081501007 -0.5462234020233154 -1.7528862953186035 0.714470386505127 0.760704517364502 1.2736780643463135 0.5743613243103027 -0.1883469820022583
-1.9999351501464844 -0.1584724634885788 -0.7362644672393799 -0.26190444827079773 0.6688475608825684 -0.19499634206295013 -1.3217618465423584 0.4731937348842621 -0.6179980039596558 0.776627242565155
-1.5083361864089966 0.4450933337211609 -1.5035344362258911 0.4131503999233246 -1.2523384094238281 -0.2014552354812622 0.9016242623329163 -0.34262463450431824 -1.7576982975006104 -0.8516135811805725
-0.043591227382421494 0.32139289379119873 0.135838583111763 -1.9999949932098389 -1.3655920028686523 1.65591561794281 -1.0524259805679321 -0.09087592363357544 0.4548816382884979 -0.8576270937919617
-1.4730743169784546 -1.013795256614685 -0.24332943558692932 0.1497102975845337 -0.931584358215332 0.8013430237770081 0.9411336779594421 0.8373708128929138 0.8958613276481628 0.7687655687332153
0.6582120656967163 -0.9650565981864929 0.98725825548172 1.9628922939300537 -0.9929996728897095 -1.3871647119522095 2.0 -1.2571154832839966 0.3278445601463318 -1.9270180463790894
0.0 0.0 0.0 0.0 0.0 0.0 0.0 0.0 0.0 0.0
0.0 0.0 0.0 0.0 0.0 0.0 0.0 0.0 0.0 0.0
-0.026721781119704247 1.2657841444015503 1.7255058288574219 -0.6463836431503296 1.8386857509613037 -1.8519495725631714 -2.0 0.5799903273582458 -0.29493004083633423 1.5078916549682617
1.09111750125885 -1.719709873199463 -0.6499019265174866 -0.2301437258720398 1.8105196952819824 0.08363524079322815 -0.6847399473190308 -1.970978856086731 -0.9982748627662659 0.016849135980010033
0.029565077275037766 -0.6992465257644653 -1.8502917289733887 -1.9950381517410278 -1.0577609539031982 -0.23690298199653625 -0.7654755711555481 -0.28464633226394653 -1.1411242485046387 -1.230393648147583
1.3936680555343628 -1.2515162229537964 -0.8881443738937378 -1.0330206155776978 0.6737747192382812 0.057590972632169724 0.639410674571991 -0.1647031307220459 0.3710862398147583 -1.7219079732894897
-0.8552886843681335 0.6808803081512451 1.1870629787445068 -1.2434377670288086 -1.8923814296722412 -1.6693183183670044 -0.8517611026763916 0.862356424331665 2.0 -2.0
0.0 0.0 0.0 0.0 0.0 0.0 0.0 0.0 0.0 0.0
0.6068642139434814 -0.9129127860069275 0.029160935431718826 0.964020311832428 0.20847512781620026 -2.0 0.8979465961456299 -1.081270694732666 0.17841437458992004 1.4619468450546265
0.44263315200805664 -0.9893316030502319 1.7659919261932373 0.6670439839363098 -0.9147174954414368 -1.096367359161377 -1.9786663055419922 1.4159574508666992 -1.9905421733856201 0.03674471750855446
-2.0 -2.0 0.15071403980255127 0.9455755352973938 0.201035276055336 1.9550000429153442 1.417057991027832 1.5705293416976929 -1.5213371515274048 -0.07021370530128479
-1.5434490442276 -1.1144119501113892 -0.8387829065322876 0.08055642992258072 -0.9564343690872192 0.2883211076259613 -0.8827787637710571 -1.707063913345337 -1.1813335418701172 0.18445947766304016
0.8345646262168884 0.4390471577644348 -0.7783731818199158 1.572256088256836 0.03528701141476631 -1.5508270263671875 0.024732815101742744 -0.5170652866363525 -0.6091433763504028 0.8985536694526672
0.5730178356170654 -1.9469478130340576 0.28483694791793823 0.5779741406440735 -0.25849539041519165 0.5979388356208801 -1.6596012115478516 -1.1197794675827026 -0.18022491037845612 0.9548054337501526
0.0 0.0 0.0 0.0 0.0 0.0 0.0 0.0 0.0 0.0
0.0 0.0 0.0 0.0 0.0 0.0 0.0 0.0 0.0 0.0
0.0 0.0 0.0 0.0 0.0 0.0 0.0 0.0 0.0 0.0
0.0 0.0 0.0 0.0 0.0 0.0 0.0 0.0 0.0 0.0
0.0 0.0 0.0 0.0 0.0 0.0 0.0 0.0 0.0 0.0
-1.1862704753875732 1.5918076038360596 1.940139889717102 -0.6340586543083191 -0.12423139065504074 0.47202664613723755 2.0 0.5711684823036194 -1.8442436456680298 0.06389389932155609
-1.0118441581726074 0.4784295856952667 -1.9079779386520386 0.08166011422872543 0.009134666062891483 -1.5614299774169922 0.5442115664482117 -1.9810783863067627 -0.18030652403831482 -0.8934891223907471
0.0 0.0 0.0 0.0 0.0 0.0 0.0 0.0 0.0 0.0
1.7604374885559082 -1.6119924783706665 -1.0414587259292603 1.1742641925811768 -0.2604336142539978 -1.5664600133895874 2.0 0.11575502157211304 0.40576547384262085 -0.5035035610198975
0.0 0.0 0.0 0.0 0.0 0.0 0.0 0.0 0.0 0.0
0.5087525248527527 1.5958937406539917 1.8650001287460327 -1.6050900220870972 1.5907912254333496 1.035805344581604 0.8611304759979248 0.4775034785270691 0.08993459492921829 1.567976474761963
-1.6421891450881958 0.4342818260192871 -0.07949750870466232 1.4910880327224731 -0.18466074764728546 -1.9550000429153442 -1.9998449087142944 1.732877254486084 0.28716564178466797 -0.2258075326681137
0.5238662362098694 1.9994785785675049 -0.4302908480167389 1.57935631275177 1.128213882446289 -1.1536121368408203 1.994331955909729 -0.43455880880355835 -0.10988661646842957 -1.6139428615570068
0.2733709514141083 -0.2914014160633087 -0.3938175439834595 -0.5502113103866577 -1.0568825006484985 0.6579133868217468 1.0756034851074219 1.1439788341522217 -0.867311418056488 -1.9695547819137573
0.0 0.0 0.0 0.0 0.0 0.0 0.0 0.0 0.0 0.0
0.0 0.0 0.0 0.0 0.0 0.0 0.0 0.0 0.0 0.0
1.9613014459609985 0.25223758816719055 0.7153502702713013 -1.7835994958877563 0.8996121287345886 -0.5456196069717407 0.5632585883140564 0.9825725555419922 -0.7802349925041199 1.2056503295898438
-0.938395082950592 0.6783393025398254 1.26655113697052 -0.6991317272186279 0.9102924466133118 -0.02354699932038784 0.6905208826065063 0.8311641216278076 2.0 1.220699429512024
0.0 0.0 0.0 0.0 0.0 0.0 0.0 0.0 0.0 0.0
1.104601502418518 -0.1057376116514206 0.042187973856925964 1.0732336044311523 -1.2905614376068115 1.7002465724945068 -2.0 1.9274468421936035 0.08404064923524857 0.02878161519765854
1.135685682296753 0.8060793876647949 -1.3125094175338745 0.15225058794021606 0.33819976449012756 -0.3496527373790741 1.0838481187820435 -0.9062263369560242 -1.5419398546218872 0.4036642014980316
-0.9980199337005615 0.7417977452278137 1.6956466436386108 -0.14740611612796783 -0.035219985991716385 1.459803819656372 1.5812058448791504 1.2589325904846191 -0.22557546198368073 -1.005229115486145
0.09563880413770676 1.8681994676589966 1.6213951110839844 1.6082897186279297 1.8659762144088745 -0.26529887318611145 -1.9921878576278687 1.4191251993179321 1.9497545957565308 1.8966009616851807
-0.7676692605018616 1.7241710424423218 -1.1250417232513428 -0.6878647804260254 1.4598729610443115 -1.3965884447097778 1.9643769264221191 -1.2039073705673218 0.13884451985359192 0.1241811066865921
-1.9948846101760864 -0.022349532693624496 0.04339423403143883 1.1905971765518188 0.6373763084411621 1.4457899332046509 0.9956016540527344 -0.6068266034126282 -0.6635284423828125 2.0
-1.179991364479065 0.6398930549621582 1.6789402961730957 -0.11527351289987564 -0.7180948257446289 0.31140950322151184 1.0710965394973755 1.2871875762939453 -0.026736464351415634 -1.9875144958496094
-1.3020833730697632 -1.5075143575668335 0.6142327189445496 -1.070237398147583 -0.09170848876237869 -1.9957244396209717 -1.1562447547912598 -0.26306965947151184 -1.043898344039917 -0.42818060517311096
0.8798877000808716 -1.0564407110214233 -0.42949000000953674 0.14126352965831757 1.7254095077514648 0.5708075761795044 -1.9998105764389038 0.22819343209266663 -0.10756160318851471 0.35500553250312805
0.0 0.0 0.0 0.0 0.0 0.0 0.0 0.0 0.0 0.0
0.0 0.0 0.0 0.0 0.0 0.0 0.0 0.0 0.0 0.0
0.0 0.0 0.0 0.0 0.0 0.0 0.0 0.0 0.0 0.0
0.0 0.0 0.0 0.0 0.0 0.0 0.0 0.0 0.0 0.0
0.0 0.0 0.0 0.0 0.0 0.0 0.0 0.0 0.0 0.0
0.0 0.0 0.0 0.0 0.0 0.0 0.0 0.0 0.0 0.0
0.0 0.0 0.0 0.0 0.0 0.0 0.0 0.0 0.0 0.0
0.0 0.0 0.0 0.0 0.0 0.0 0.0 0.0 0.0 0.0
0.0 0.0 0.0 0.0 0.0 0.0 0.0 0.0 0.0 0.0
0.0 0.0 0.0 0.0 0.0 0.0 0.0 0.0 0.0 0.0
-1.440268874168396 1.267983078956604 -0.5070632696151733 -0.38335227966308594 -0.7651060223579407 -1.9964118003845215 1.774353265762329 -1.9434518814086914 -1.9974125623703003 0.5953860878944397
1.6187156438827515 1.9458574056625366 -1.9757022857666016 0.6034749746322632 0.8080659508705139 0.1050921082496643 1.1648104190826416 0.7074645161628723 1.7792224884033203 -0.4647946357727051
1.748100757598877 -0.30144089460372925 -0.12070824205875397 0.06981202214956284 0.19867315888404846 -2.0 0.44392961263656616 -0.4478309154510498 -1.0079443454742432 -1.3231338262557983
0.0 0.0 0.0 0.0 0.0 0.0 0.0 0.0 0.0 0.0
0.0 0.0 0.0 0.0 0.0 0.0 0.0 0.0 0.0 0.0
0.0 0.0 0.0 0.0 0.0 0.0 0.0 0.0 0.0 0.0
-0.2986586093902588 -1.1822525262832642 -1.544641137123108 1.1641770601272583 0.21283534169197083 1.0846446752548218 0.026323171332478523 -0.5562218427658081 -1.795105218887329 -0.6562063694000244
0.11205852031707764 0.4723358154296875 -0.5131109952926636 1.9100000858306885 1.7238966226577759 0.883256733417511 1.0318634510040283 -1.2417271137237549 0.5314419269561768 1.675478219985962
0.0 0.0 0.0 0.0 0.0 0.0 0.0 0.0 0.0 0.0
0.0 0.0 0.0 0.0 0.0 0.0 0.0 0.0 0.0 0.0
0.5938352942466736 -1.998978853225708 -0.9872397780418396 -0.2017953097820282 -1.444148302078247 0.16489645838737488 -0.14183667302131653 -0.6345261335372925 1.8097625970840454 0.6356661915779114
1.8463865518569946 -1.4174458980560303 -0.2219318300485611 -0.5226284861564636 1.4598666429519653 0.045233383774757385 0.6964695453643799 0.6451032161712646 0.6188346743583679 -1.836737871170044
-1.5020372867584229 1.1107836961746216 1.344437599182129 1.593918800354004 -1.0274288654327393 -0.9981667399406433 1.5224405527114868 -0.13667884469032288 0.7345504760742188 1.2199119329452515
-1.1219617128372192 -1.4636621475219727 0.7021521925926208 0.22422796487808228 -1.2462947368621826 -0.9994888305664062 -1.4469443559646606 -0.0636073499917984 -1.3256464004516602 0.8303886651992798
0.10107489675283432 -1.170613169670105 -0.7795093059539795 -0.618006706237793 0.44658780097961426 -2.0 0.8256089687347412 -1.959799885749817 -1.4282857179641724 0.6737082600593567
0.7729284167289734 1.8375401496887207 -1.9566433429718018 2.0 -0.7947389483451843 0.3484359383583069 1.5821175575256348 -0.3155168294906616 1.9409555196762085 1.1213258504867554
-0.5801962614059448 -0.6773455142974854 0.807709276676178 0.06617430597543716 0.5087275505065918 -1.9934855699539185 -1.1767828464508057 1.9333354234695435 1.5176886320114136 0.9126019477844238
0.3789252042770386 -0.8554835319519043 -0.41133832931518555 0.31622323393821716 0.24638035893440247 0.45646655559539795 0.7044419050216675 -0.9853860139846802 0.46377018094062805 -1.8444604873657227
0.0 0.0 0.0 0.0 0.0 0.0 0.0 0.0 0.0 0.0
0.0 0.0 0.0 0.0 0.0 0.0 0.0 0.0 0.0 0.0
0.0 0.0 0.0 0.0 0.0 0.0 0.0 0.0 0.0 0.0
0.0 0.0 0.0 0.0 0.0 0.0 0.0 0.0 0.0 0.0
0.0 0.0 0.0 0.0 0.0 0.0 0.0 0.0 0.0 0.0
1.0047177076339722 2.0 -1.9922099113464355 0.9688317179679871 -1.702290415763855 -0.02297130599617958 0.4364396929740906 1.8901290893554688 -1.337111473083496 0.7357442378997803
1.8839689493179321 -0.6298052668571472 0.058751191943883896 -0.9694311618804932 0.4830257296562195 -0.5569455623626709 -0.1226445734500885 -1.6157610416412354 -0.3563069999217987 0.14604704082012177
0.5571896433830261 1.999997615814209 -0.28754499554634094 0.36947885155677795 -0.4157823920249939 -0.399604469537735 -1.3792707920074463 -0.06325381249189377 -2.0 0.17724333703517914
0.0 0.0 0.0 0.0 0.0 0.0 0.0 0.0 0.0 0.0
0.0 0.0 0.0 0.0 0.0 0.0 0.0 0.0 0.0 0.0
0.0 0.0 0.0 0.0 0.0 0.0 0.0 0.0 0.0 0.0
-0.3480314016342163 1.2337340116500854 -0.5223669409751892 -0.7521701455116272 1.4950491189956665 1.1140124797821045 0.7826220393180847 0.6117384433746338 -2.0 -0.06243344768881798
-0.48078328371047974 1.3957927227020264 -0.14775241911411285 -0.6789848804473877 0.23209679126739502 -1.2771919965744019 1.9504051208496094 -0.35029080510139465 1.0983333587646484 -0.8288576006889343
0.0 0.0 0.0 0.0 0.0 0.0 0.0 0.0 0.0 0.0
0.0 0.0 0.0 0.0 0.0 0.0 0.0 0.0 0.0 0.0
0.6542178392410278 1.7983183860778809 0.05505544692277908 0.5997212529182434 -0.8488884568214417 0.34014105796813965 1.4897199869155884 0.300281286239624 -0.15898911654949188 -0.026655390858650208
0.0 0.0 0.0 0.0 0.0 0.0 0.0 0.0 0.0 0.0
1.9463344812393188 -0.6832480430603027 0.29712703824043274 -1.8799238204956055 -0.24151526391506195 -0.6997128129005432 -0.32473134994506836 0.1923864781856537 -0.5371430516242981 0.23840878903865814
1.5982437133789062 0.2575100064277649 0.8926198482513428 -0.05308827385306358 -0.008641568943858147 0.19088836014270782 -0.7275857329368591 -0.15900564193725586 -1.0973706245422363 1.9856388568878174
0.0 0.0 0.0 0.0 0.0 0.0 0.0 0.0 0.0 0.0
0.0 0.0 0.0 0.0 0.0 0.0 0.0 0.0 0.0 0.0
1.3726085424423218 -2.0 1.9879854917526245 0.23753944039344788 1.0922982692718506 -1.9870543479919434 0.26960065960884094 -0.22352275252342224 0.5949916243553162 -1.0897581577301025
1.2095485925674438 1.713802456855774 1.1857651472091675 0.651630699634552 1.625156283378601 0.8901448249816895 -0.06371196359395981 1.4660906791687012 0.3627016544342041 -0.23176619410514832
-0.10049183666706085 -1.5171364545822144 -1.861075520515442 -0.04824394732713699 1.095713496208191 1.3289211988449097 -0.5162299275398254 -0.2353130728006363 1.8592332601547241 -0.6004957556724548
-2.0 0.4946974515914917 0.8343411684036255 -0.636513352394104 -0.7070097327232361 0.27093440294265747 0.890967845916748 -1.6870067119598389 0.21266834437847137 -1.4310108423233032
0.896240770816803 1.7222721576690674 -0.348455011844635 0.5161988735198975 -2.0 -0.48646241426467896 -0.26299551129341125 1.6046087741851807 -1.1240166425704956 -0.936198890209198
0.8933357000350952 0.08516643196344376 -0.45740067958831787 -0.1480364054441452 1.032741904258728 -0.5644751191139221 1.3839892148971558 -0.5799395442008972 1.567782998085022 0.5904427766799927
0.0 0.0 0.0 0.0 0.0 0.0 0.0 0.0 0.0 0.0
0.0 0.0 0.0 0.0 0.0 0.0 0.0 0.0 0.0 0.0
0.0 0.0 0.0 0.0 0.0 0.0 0.0 0.0 0.0 0.0
0.0 0.0 0.0 0.0 0.0 0.0 0.0 0.0 0.0 0.0
0.0 0.0 0.0 0.0 0.0 0.0 0.0 0.0 0.0 0.0
0.0 0.0 0.0 0.0 0.0 0.0 0.0 0.0 0.0 0.0
0.0 0.0 0.0 0.0 0.0 0.0 0.0 0.0 0.0 0.0
0.0 0.0 0.0 0.0 0.0 0.0 0.0 0.0 0.0 0.0
0.0 0.0 0.0 0.0 0.0 0.0 0.0 0.0 0.0 0.0
0.0 0.0 0.0 0.0 0.0 0.0 0.0 0.0 0.0 0.0
0.0 0.0 0.0 0.0 0.0 0.0 0.0 0.0 0.0 0.0
0.0 0.0 0.0 0.0 0.0 0.0 0.0 0.0 0.0 0.0
0.0 0.0 0.0 0.0 0.0 0.0 0.0 0.0 0.0 0.0
0.0 0.0 0.0 0.0 0.0 0.0 0.0 0.0 0.0 0.0
0.0 0.0 0.0 0.0 0.0 0.0 0.0 0.0 0.0 0.0
0.0 0.0 0.0 0.0 0.0 0.0 0.0 0.0 0.0 0.0
0.0 0.0 0.0 0.0 0.0 0.0 0.0 0.0 0.0 0.0
0.0 0.0 0.0 0.0 0.0 0.0 0.0 0.0 0.0 0.0
0.0 0.0 0.0 0.0 0.0 0.0 0.0 0.0 0.0 0.0
0.0 0.0 0.0 0.0 0.0 0.0 0.0 0.0 0.0 0.0
0.0 0.0 0.0 0.0 0.0 0.0 0.0 0.0 0.0 0.0
2.0 -0.028941776603460312 -1.362770438194275 -0.774547278881073 -1.0314741134643555 -0.34076058864593506 -1.578339695930481 -0.6356763243675232 -0.5962340831756592 -1.7751071453094482
0.0 0.0 0.0 0.0 0.0 0.0 0.0 0.0 0.0 0.0
1.5952794551849365 -0.5318886637687683 -1.0808786153793335 0.10048404335975647 -1.9962215423583984 1.512457251548767 1.9999744892120361 2.0 -0.7114958763122559 -0.14371156692504883
0.0 0.0 0.0 0.0 0.0 0.0 0.0 0.0 0.0 0.0
0.0 0.0 0.0 0.0 0.0 0.0 0.0 0.0 0.0 0.0
1.2765672206878662 1.923118233680725 0.6610921025276184 0.11344990879297256 1.4696911573410034 -1.4197633266448975 1.156470537185669 -0.5282307267189026 -0.5183057188987732 -2.0
0.0 0.0 0.0 0.0 0.0 0.0 0.0 0.0 0.0 0.0
0.0 0.0 0.0 0.0 0.0 0.0 0.0 0.0 0.0 0.0
0.0 0.0 0.0 0.0 0.0 0.0 0.0 0.0 0.0 0.0
0.0 0.0 0.0 0.0 0.0 0.0 0.0 0.0 0.0 0.0
0.0 0.0 0.0 0.0 0.0 0.0 0.0 0.0 0.0 0.0
0.0 0.0 0.0 0.0 0.0 0.0 0.0 0.0 0.0 0.0
0.399316668510437 0.16761787235736847 -1.0313431024551392 0.3916279375553131 -1.6072546243667603 -0.06372934579849243 0.39714428782463074 -1.6791023015975952 0.0966477021574974 -1.857540249824524
0.6657185554504395 -0.026940520852804184 -0.14489507675170898 -1.5383234024047852 0.26126348972320557 0.49208876490592957 -0.015239875763654709 0.0681992694735527 -0.39663320779800415 0.02219504676759243
0.3664587438106537 0.407493531703949 -1.9967849254608154 -2.0 1.413619875907898 0.28553229570388794 -0.4507920444011688 0.0035699212457984686 -1.9890450239181519 1.798888921737671
0.1969965100288391 0.12297763675451279 -0.12819184362888336 1.1468226909637451 -0.3475209176540375 0.5983977317810059 -0.2707962393760681 0.35550880432128906 1.1213879585266113 1.0652879476547241
0.0 0.0 0.0 0.0 0.0 0.0 0.0 0.0 0.0 0.0
0.0 0.0 0.0 0.0 0.0 0.0 0.0 0.0 0.0 0.0
0.0 0.0 0.0 0.0 0.0 0.0 0.0 0.0 0.0 0.0
0.0 0.0 0.0 0.0 0.0 0.0 0.0 0.0 0.0 0.0
1.0840445756912231 0.711491048336029 -1.9975965023040771 0.26327964663505554 -1.8423293828964233 -0.6684220433235168 2.0 2.0 0.006698856595903635 1.600348949432373
0.0 0.0 0.0 0.0 0.0 0.0 0.0 0.0 0.0 0.0
0.0 0.0 0.0 0.0 0.0 0.0 0.0 0.0 0.0 0.0
-0.11059025675058365 -1.134619116783142 1.8653405904769897 -0.07535696029663086 -1.4145452976226807 0.2038746476173401 -1.5670276880264282 -0.001177571713924408 1.33858060836792 -0.20116974413394928
-1.1008468866348267 -0.387040376663208 -2.0 0.3434116244316101 -1.7364046573638916 -1.1787365674972534 0.2743614614009857 -0.8685407638549805 -1.1088851690292358 0.6164371967315674
0.0 0.0 0.0 0.0 0.0 0.0 0.0 0.0 0.0 0.0
0.0 0.0 0.0 0.0 0.0 0.0 0.0 0.0 0.0 0.0
0.32474279403686523 0.36433279514312744 -1.4962955713272095 -0.46434706449508667 -0.006243223790079355 -0.5030097365379333 1.1756314039230347 -1.9562430381774902 -0.4578994810581207 1.2188706398010254
0.0 0.0 0.0 0.0 0.0 0.0 0.0 0.0 0.0 0.0
0.0 0.0 0.0 0.0 0.0 0.0 0.0 0.0 0.0 0.0
-0.9076939821243286 1.1726372241973877 -1.9421592950820923 -0.25415492057800293 -1.402130365371704 1.5689620971679688 0.5916523933410645 1.3400291204452515 -1.9879794120788574 -1.2327978610992432
2.0 0.1289660781621933 -0.6906147003173828 0.014296484179794788 1.4375379085540771 -1.1931389570236206 -1.2278552055358887 0.07604274898767471 0.1292608678340912 -1.4630471467971802
0.0 0.0 0.0 0.0 0.0 0.0 0.0 0.0 0.0 0.0
0.0 0.0 0.0 0.0 0.0 0.0 0.0 0.0 0.0 0.0
-0.19991932809352875 1.6952719688415527 -1.6325387954711914 -0.28722497820854187 0.3537687659263611 0.3205358684062958 -1.059354543685913 -0.7223846912384033 1.5482853651046753 1.9985105991363525
0.0 0.0 0.0 0.0 0.0 0.0 0.0 0.0 0.0 0.0
0.0 0.0 0.0 0.0 0.0 0.0 0.0 0.0 0.0 0.0
0.0 0.0 0.0 0.0 0.0 0.0 0.0 0.0 0.0 0.0
0.0 0.0 0.0 0.0 0.0 0.0 0.0 0.0 0.0 0.0
0.0 0.0 0.0 0.0 0.0 0.0 0.0 0.0 0.0 0.0
0.0 0.0 0.0 0.0 0.0 0.0 0.0 0.0 0.0 0.0
0.0 0.0 0.0 0.0 0.0 0.0 0.0 0.0 0.0 0.0
0.0 0.0 0.0 0.0 0.0 0.0 0.0 0.0 0.0 0.0
0.0 0.0 0.0 0.0 0.0 0.0 0.0 0.0 0.0 0.0
0.0 0.0 0.0 0.0 0.0 0.0 0.0 0.0 0.0 0.0
0.0 0.0 0.0 0.0 0.0 0.0 0.0 0.0 0.0 0.0
0.6614891290664673 -1.6023086309432983 -1.502659797668457 -1.1360154151916504 -1.72178316116333 0.24559998512268066 1.8928918838500977 1.3834882974624634 -0.2639341354370117 -0.2594538927078247
1.308404564857483 -0.2246078997850418 0.7158756852149963 2.0 1.3366029262542725 -0.08876600116491318 0.6319957375526428 1.130826473236084 -1.9997739791870117 -1.1300870180130005
-1.9954860210418701 -0.17581813037395477 -0.2939966320991516 0.3373253643512726 -0.22673626244068146 1.9372304677963257 -0.014976450242102146 -1.5766912698745728 1.8712128400802612 1.1152262687683105
1.6192593574523926 0.2998292148113251 -1.0329179763793945 1.9999853372573853 -0.4041839838027954 0.3644680380821228 -0.04627683013677597 -1.0346157550811768 -0.7442031502723694 -1.9804234504699707
0.8395857214927673 2.0 0.12330938875675201 -1.6245497465133667 2.0 -1.543954849243164 -1.585531234741211 -0.0315801240503788 0.6183632016181946 -0.22387684881687164
0.23986023664474487 -0.27159661054611206 1.386500597000122 -0.03604910522699356 -1.203789472579956 -1.9977397918701172 1.9999706745147705 0.4562017321586609 1.75809645652771 0.5704845786094666
0.0 0.0 0.0 0.0 0.0 0.0 0.0 0.0 0.0 0.0
0.0 0.0 0.0 0.0 0.0 0.0 0.0 0.0 0.0 0.0
0.0 0.0 0.0 0.0 0.0 0.0 0.0 0.0 0.0 0.0
0.0 0.0 0.0 0.0 0.0 0.0 0.0 0.0 0.0 0.0
0.0 0.0 0.0 0.0 0.0 0.0 0.0 0.0 0.0 0.0
0.0 0.0 0.0 0.0 0.0 0.0 0.0 0.0 0.0 0.0
-0.05938064306974411 -0.3696043789386749 -1.8782652616500854 -0.5214075446128845 0.30841705203056335 -0.32127973437309265 -0.3301195204257965 -1.961538314819336 0.6522039175033569 1.4249014854431152
0.7104794979095459 -1.5046340227127075 1.6035754680633545 1.4818300008773804 0.5618470907211304 0.47396424412727356 1.9912307262420654 -0.6089692711830139 -1.393578052520752 -1.3664060831069946
-1.9631837606430054 -1.818577527999878 -0.7369645833969116 -0.8692577481269836 1.5564727783203125 1.997188925743103 -0.8797351717948914 1.1090221405029297 0.527428925037384 -1.9962153434753418
0.0 0.0 0.0 0.0 0.0 0.0 0.0 0.0 0.0 0.0
0.0 0.0 0.0 0.0 0.0 0.0 0.0 0.0 0.0 0.0
0.0 0.0 0.0 0.0 0.0 0.0 0.0 0.0 0.0 0.0
0.0 0.0 0.0 0.0 0.0 0.0 0.0 0.0 0.0 0.0
0.0 0.0 0.0 0.0 0.0 0.0 0.0 0.0 0.0 0.0
-0.24608367681503296 0.37013882398605347 -0.9697112441062927 -0.13038048148155212 0.3528596758842468 -1.938402771949768 1.8452813625335693 0.6953697800636292 -1.5311542749404907 0.8211546540260315
1.120099425315857 -0.7088419795036316 0.7070996165275574 0.2986791729927063 -1.0443530082702637 2.0 -1.0000059604644775 -0.03167092055082321 0.11558157950639725 1.57286536693573
0.0 0.0 0.0 0.0 0.0 0.0 0.0 0.0 0.0 0.0
0.0 0.0 0.0 0.0 0.0 0.0 0.0 0.0 0.0 0.0
0.0 0.0 0.0 0.0 0.0 0.0 0.0 0.0 0.0 0.0
0.15655046701431274 -0.450417160987854 0.21596933901309967 -0.11284510791301727 1.1956654787063599 0.1530427187681198 1.1571238040924072 -1.3501166105270386 1.8901816606521606 1.982438325881958
0.0 0.0 0.0 0.0 0.0 0.0 0.0 0.0 0.0 0.0
1.808827519416809 -0.2415676862001419 0.3680407702922821 1.999394178390503 -1.259876012802124 -0.7146437168121338 -0.9737973213195801 0.8672256469726562 -0.2588983178138733 -1.9905024766921997
0.0 0.0 0.0 0.0 0.0 0.0 0.0 0.0 0.0 0.0
0.0 0.0 0.0 0.0 0.0 0.0 0.0 0.0 0.0 0.0
0.0 0.0 0.0 0.0 0.0 0.0 0.0 0.0 0.0 0.0
0.0 0.0 0.0 0.0 0.0 0.0 0.0 0.0 0.0 0.0
0.33479586243629456 -1.9934207201004028 1.4806941747665405 -1.2739863395690918 -0.9774795770645142 1.878408432006836 -0.6991913318634033 0.6797995567321777 1.7816509008407593 -0.0632207840681076
0.0 0.0 0.0 0.0 0.0 0.0 0.0 0.0 0.0 0.0
0.0 0.0 0.0 0.0 0.0 0.0 0.0 0.0 0.0 0.0
-0.2399265170097351 -2.0 1.9861631393432617 -1.2071630954742432 0.8848569989204407 1.2335257530212402 -1.8510046005249023 -1.2710926532745361 -0.7986176013946533 0.053516995161771774
-0.525262713432312 -1.920419454574585 0.6473850011825562 0.6070106625556946 -0.5612393617630005 0.5299261808395386 0.9484560489654541 -0.9908403754234314 -0.7780561447143555 -0.976292610168457
0.0 0.0 0.0 0.0 0.0 0.0 0.0 0.0 0.0 0.0
0.5025323033332825 1.988324522972107 1.9900327920913696 0.26433682441711426 -0.8718056082725525 -0.3972203731536865 0.6010309457778931 1.2942826747894287 0.8264711499214172 -1.5753306150436401
-0.8285360336303711 -0.5021374821662903 1.2436858415603638 0.542199969291687 -0.12417470663785934 -0.5843467712402344 -0.17813129723072052 -0.49854564666748047 -0.3459308445453644 -1.0678720474243164
0.636293351650238 -0.5047212243080139 -0.8469138145446777 0.0879332423210144 0.2895396053791046 -1.3713011741638184 1.8636828660964966 -0.7215443849563599 0.5964288711547852 -0.6361546516418457
0.11713722348213196 1.7820409536361694 1.386561393737793 -0.06623527407646179 0.8396076560020447 2.0 -1.936015248298645 1.7559573650360107 -1.4508394002914429 2.0
0.0 0.0 0.0 0.0 0.0 0.0 0.0 0.0 0.0 0.0
1.0177115201950073 -0.49966907501220703 -1.3297624588012695 1.0533734560012817 1.5448710918426514 2.0 1.166186809539795 1.3564685583114624 -1.9020789861679077 -1.5922755002975464
0.0 0.0 0.0 0.0 0.0 0.0 0.0 0.0 0.0 0.0
0.0 0.0 0.0 0.0 0.0 0.0 0.0 0.0 0.0 0.0
0.0 0.0 0.0 0.0 0.0 0.0 0.0 0.0 0.0 0.0
0.0 0.0 0.0 0.0 0.0 0.0 0.0 0.0 0.0 0.0
0.0 0.0 0.0 0.0 0.0 0.0 0.0 0.0 0.0 0.0
0.0 0.0 0.0 0.0 0.0 0.0 0.0 0.0 0.0 0.0
0.0 0.0 0.0 0.0 0.0 0.0 0.0 0.0 0.0 0.0
0.0 0.0 0.0 0.0 0.0 0.0 0.0 0.0 0.0 0.0
0.0 0.0 0.0 0.0 0.0 0.0 0.0 0.0 0.0 0.0
0.0 0.0 0.0 0.0 0.0 0.0 0.0 0.0 0.0 0.0
0.0 0.0 0.0 0.0 0.0 0.0 0.0 0.0 0.0 0.0
0.0 0.0 0.0 0.0 0.0 0.0 0.0 0.0 0.0 0.0
0.0 0.0 0.0 0.0 0.0 0.0 0.0 0.0 0.0 0.0
0.0 0.0 0.0 0.0 0.0 0.0 0.0 0.0 0.0 0.0
0.0 0.0 0.0 0.0 0.0 0.0 0.0 0.0 0.0 0.0
0.0 0.0 0.0 0.0 0.0 0.0 0.0 0.0 0.0 0.0
0.0 0.0 0.0 0.0 0.0 0.0 0.0 0.0 0.0 0.0
0.0 0.0 0.0 0.0 0.0 0.0 0.0 0.0 0.0 0.0
0.0 0.0 0.0 0.0 0.0 0.0 0.0 0.0 0.0 0.0
0.0 0.0 0.0 0.0 0.0 0.0 0.0 0.0 0.0 0.0
0.0 0.0 0.0 0.0 0.0 0.0 0.0 0.0 0.0 0.0
0.0 0.0 0.0 0.0 0.0 0.0 0.0 0.0 0.0 0.0
0.0 0.0 0.0 0.0 0.0 0.0 0.0 0.0 0.0 0.0
0.0 0.0 0.0 0.0 0.0 0.0 0.0 0.0 0.0 0.0
0.0 0.0 0.0 0.0 0.0 0.0 0.0 0.0 0.0 0.0
0.0 0.0 0.0 0.0 0.0 0.0 0.0 0.0 0.0 0.0
0.0 0.0 0.0 0.0 0.0 0.0 0.0 0.0 0.0 0.0
0.0 0.0 0.0 0.0 0.0 0.0 0.0 0.0 0.0 0.0
0.0 0.0 0.0 0.0 0.0 0.0 0.0 0.0 0.0 0.0
0.0 0.0 0.0 0.0 0.0 0.0 0.0 0.0 0.0 0.0
0.0 0.0 0.0 0.0 0.0 0.0 0.0 0.0 0.0 0.0
0.0 0.0 0.0 0.0 0.0 0.0 0.0 0.0 0.0 0.0
0.0 0.0 0.0 0.0 0.0 0.0 0.0 0.0 0.0 0.0
0.0 0.0 0.0 0.0 0.0 0.0 0.0 0.0 0.0 0.0

# B vector (255 values)
0.7707563638687134 0.8220106363296509 0.18825045228004456 0.832859456539154 0.44584375619888306 -0.46095526218414307 -1.0 -0.6178110241889954 0.3756939172744751 0.5904977917671204
1.0 0.7059187293052673 -0.21631459891796112 -1.0 -1.0 -0.6377759575843811 0.45722663402557373 0.25552308559417725 -0.8269751071929932 0.2142280489206314
-1.0 0.4468287527561188 -0.6358728408813477 -0.9979014992713928 -0.45331427454948425 0.1777920424938202 -0.04810308665037155 -1.0 -1.0 -1.0
-1.0 -1.0 -0.9999116659164429 -0.20838695764541626 -1.0 0.6496412754058838 -1.0 0.10311833024024963 -0.5821276903152466 -0.7818995714187622
0.24808664619922638 -1.0 -1.0 0.9588495492935181 -0.5612760186195374 -1.0 0.20600266754627228 0.36511853337287903 -0.4710840582847595 0.8765214085578918
0.1313234269618988 -0.17145901918411255 -0.1985880583524704 -0.24169258773326874 0.23118756711483002 -1.0 -1.0 -1.0 -1.0 -1.0
-1.0 -1.0 -1.0 -1.0 -1.0 -0.42754682898521423 0.10673248767852783 0.8380988240242004 -1.0 -1.0
-1.0 0.2869998812675476 -0.19131053984165192 -1.0 -1.0 -0.4021638035774231 0.5824927091598511 -1.0 -0.012365337461233139 1.0
0.03505796566605568 -0.453557550907135 0.1116541177034378 -1.0 -1.0 -1.0 -1.0 -1.0 -0.02868160791695118 0.26162073016166687
-0.004588922020047903 -1.0 -1.0 -1.0 0.9453612565994263 -0.26806390285491943 -1.0 -1.0 -0.08770288527011871 -1.0
-0.7263131737709045 0.43107375502586365 -1.0 -1.0 -0.5985754728317261 0.34834736585617065 -0.9847362041473389 0.2875664234161377 -0.9597630500793457 0.07907932996749878
-1.0 -1.0 -1.0 -1.0 -1.0 -1.0 -1.0 -1.0 -1.0 -1.0
-1.0 -1.0 -1.0 -1.0 -1.0 -1.0 -1.0 -1.0 -1.0 -1.0
-1.0 0.9999977946281433 -1.0 1.0 -1.0 -1.0 -0.024294951930642128 -1.0 -1.0 -1.0
-1.0 -1.0 -1.0 0.7927369475364685 0.05090995877981186 0.29258278012275696 -0.25032511353492737 -1.0 -1.0 -1.0
-1.0 -0.9941231608390808 -1.0 -1.0 -0.08010382950305939 -0.25800037384033203 -1.0 -1.0 0.9492122530937195 -1.0
-1.0 -0.968307375907898 -0.2186279147863388 -1.0 -1.0 -0.658168375492096 -1.0 -1.0 -1.0 -1.0
-1.0 -1.0 -1.0 -1.0 -1.0 -1.0 -1.0 -0.9898590445518494 -0.9990371465682983 0.8861741423606873
0.9049367904663086 0.44715818762779236 -0.9598925709724426 -1.0 -1.0 -1.0 -1.0 -1.0 -1.0 0.3063875436782837
0.725777268409729 -0.8579569458961487 -1.0 -1.0 -1.0 -1.0 -1.0 -0.8417187333106995 -0.1642840951681137 -1.0
-1.0 -1.0 -0.28645965456962585 -1.0 -0.1579919457435608 -1.0 -1.0 -1.0 -1.0 0.7117096781730652
-1.0 -1.0 0.5793944597244263 0.6867433786392212 -1.0 -1.0 0.881681501865387 0.9844515323638916 -0.41159510612487793 -1.0
-0.22632825374603271 -1.0 -1.0 -1.0 -1.0 -1.0 -1.0 -1.0 -1.0 -1.0
-1.0 -1.0 -1.0 -1.0 -1.0 -1.0 -1.0 -1.0 -1.0 -1.0
-1.0 -1.0 -1.0 -1.0 -1.0 -1.0 -1.0 -1.0 -1.0 -1.0
-1.0 -1.0 -1.0 -1.0 -1.0

# Leaf predictions (256 x 16 = 4096 values)
1 1 1 1 1 1 1 1 1 1 1 1 1 1 1 1
1 1 1 1 1 1 1 1 1 1 1 1 1 1 1 1
1 1 1 1 1 1 1 1 1 1 1 1 1 1 1 1
1 1 1 1 1 1 1 1 1 1 1 1 1 1 1 1
1 1 1 1 1 1 1 1 1 1 1 1 1 1 1 1
1 1 1 1 1 1 1 1 1 1 1 1 1 1 1 1
1 1 1 1 1 1 1 1 1 1 1 1 1 1 1 1
1 1 1 1 1 1 1 1 1 1 1 1 1 1 1 1
0 1 0 0 1 1 1 1 1 1 1 1 1 1 1 1
1 1 1 1 1 1 1 1 1 1 1 1 1 1 1 1
1 1 1 1 1 1 1 1 1 1 1 1 1 1 1 1
1 1 1 1 1 1 1 1 1 1 1 1 1 1 1 1
1 1 0 0 1 1 1 0 1 1 1 1 1 1 1 0
0 0 0 0 1 0 0 0 1 1 0 0 1 1 1 0
1 1 1 1 1 1 1 1 1 1 1 1 1 1 1 1
1 1 1 1 1 1 1 1 1 1 1 1 1 1 1 1
0 0 0 0 0 0 0 0 0 0 0 0 0 0 0 0
1 1 1 1 1 1 1 1 1 1 1 1 1 1 1 1
1 1 1 1 1 1 1 1 1 1 1 1 1 1 1 1
1 1 0 0 1 1 1 0 1 1 1 1 1 1 0 0
1 1 1 1 1 1 1 1 1 1 1 1 1 1 1 1
1 1 1 1 1 1 1 1 1 1 1 1 1 1 1 1
1 1 1 1 1 1 1 1 1 1 1 1 1 1 1 1
1 1 1 1 1 1 1 1 1 1 1 1 1 1 1 1
1 1 1 1 1 1 1 1 1 1 1 1 1 1 1 1
1 1 1 1 1 1 1 1 1 1 1 1 1 1 1 1
1 1 1 1 1 1 1 1 1 1 1 1 1 1 1 1
1 1 1 1 1 1 1 1 1 1 1 1 1 1 1 1
1 1 1 1 1 1 1 1 1 1 1 1 1 1 1 1
1 1 1 1 1 1 1 1 1 1 1 1 1 1 1 1
1 1 1 1 1 1 1 1 1 1 1 1 1 1 1 1
1 1 1 1 1 1 1 1 1 1 1 1 1 1 1 1
1 1 0 0 1 1 1 0 1 1 1 1 1 1 1 0
1 1 1 1 1 1 1 1 1 1 1 1 1 1 1 1
0 0 0 0 0 0 0 0 1 0 0 0 1 0 0 0
0 0 0 0 0 0 0 0 1 1 0 0 1 1 1 0
1 0 0 0 1 1 0 0 1 1 1 1 1 1 0 0
1 1 1 1 1 1 1 1 1 1 1 1 1 1 1 1
0 0 0 0 0 0 0 0 1 0 0 0 1 1 0 0
1 1 1 0 1 1 1 1 1 1 1 1 1 1 1 1
1 1 1 1 1 1 1 1 1 1 1 1 1 1 1 1
1 1 1 1 1 1 1 1 1 1 1 1 1 1 1 1
1 1 1 1 1 1 1 1 1 1 1 1 1 1 1 1
1 1 1 1 1 1 1 1 1 1 1 1 1 1 1 1
1 1 1 1 1 1 1 1 1 1 1 1 1 1 1 1
1 1 1 1 1 1 1 1 1 1 1 1 1 1 1 1
1 1 1 1 1 1 1 1 1 1 1 1 1 1 1 1
1 1 1 1 1 1 1 1 1 1 1 1 1 1 1 1
1 1 0 0 1 1 1 1 1 1 1 1 1 1 1 1
1 1 1 1 1 1 1 1 1 1 1 1 1 1 1 1
1 1 1 1 1 1 1 1 1 1 1 1 1 1 1 1
1 1 1 1 1 1 1 1 1 1 1 1 1 1 1 1
1 1 1 1 1 1 1 1 1 1 1 1 1 1 1 1
1 1 1 1 1 1 1 1 1 1 1 1 1 1 1 1
1 1 0 0 1 1 1 1 1 1 1 1 1 1 1 1
1 0 0 0 1 1 0 0 1 1 1 1 1 1 1 1
0 0 0 0 0 0 0 0 0 0 0 0 0 0 0 0
1 1 1 1 1 1 1 1 1 1 1 1 1 1 1 1
1 1 1 1 1 1 1 1 1 1 1 1 1 1 1 1
1 1 1 1 1 1 1 1 1 1 1 1 1 1 1 1
0 0 0 0 0 0 0 0 0 0 0 0 0 0 0 0
1 1 1 1 1 1 1 1 1 1 1 1 1 1 1 1
0 0 0 0 0 0 0 0 0 0 0 0 0 0 0 0
1 1 1 1 1 1 1 1 1 1 1 1 1 1 1 1
0 0 0 0 0 0 0 0 0 0 1 0 0 0 0 0
1 1 1 1 1 1 1 1 1 1 1 1 1 1 1 1
1 1 1 1 1 1 1 1 1 1 1 1 1 1 1 1
1 1 1 1 1 1 1 1 1 1 1 1 1 1 1 1
0 0 0 0 0 0 0 0 0 0 0 0 0 0 0 0
1 1 1 1 1 1 1 1 1 1 1 1 1 1 1 1
1 1 1 1 1 1 1 1 1 1 1 1 1 1 1 1
0 0 0 0 0 0 0 0 0 0 0 0 0 0 0 0
1 1 1 1 1 1 1 1 1 1 1 1 1 1 1 1
1 1 1 1 1 1 1 1 1 1 1 1 1 1 1 1
1 1 0 0 1 1 0 0 1 0 0 0 0 0 0 0
1 1 1 1 1 1 1 1 1 1 1 1 1 1 1 1
0 0 0 0 0 0 0 0 1 1 1 0 0 0 0 0
1 1 1 1 1 1 1 1 1 1 1 1 1 1 1 1
1 1 1 1 1 1 1 1 1 1 1 1 1 1 1 1
1 1 1 1 1 1 1 1 1 1 1 1 1 1 1 1
1 1 1 1 1 1 1 1 1 1 1 1 1 1 1 1
1 1 1 1 1 1 1 1 1 1 1 1 1 1 1 1
1 1 1 1 1 1 1 1 1 1 1 1 1 1 1 1
1 1 1 1 1 1 1 1 1 1 1 1 1 1 1 1
1 1 1 1 1 1 1 1 1 1 1 1 1 1 1 1
1 1 1 1 1 1 1 1 1 1 1 1 1 1 1 1
1 1 1 1 1 1 1 1 1 1 1 1 1 1 1 1
1 1 1 1 1 1 1 1 1 1 1 1 1 1 1 1
1 1 1 1 1 1 1 1 1 1 1 1 1 1 1 1
1 1 1 1 1 1 1 1 1 1 1 1 1 1 1 1
1 1 1 1 1 1 1 1 1 1 1 1 1 1 1 1
1 1 1 1 1 1 1 1 1 1 1 1 1 1 1 1
1 1 1 1 1 1 1 1 1 1 1 1 1 1 1 1
1 1 1 1 1 1 1 1 1 1 1 1 1 1 1 1
1 1 1 1 1 1 1 1 1 1 1 1 1 1 1 1
1 1 1 1 1 1 1 1 1 1 1 1 1 1 1 1
1 1 1 1 1 1 1 1 1 1 1 1 1 1 1 1
1 1 1 1 1 1 1 1 1 1 1 1 1 1 1 1
1 1 1 1 1 1 1 1 1 1 1 1 1 1 1 1
1 1 1 1 1 1 1 1 1 1 1 1 1 1 1 1
1 1 0 0 1 1 1 0 1 1 1 1 1 1 1 1
1 1 1 1 1 1 1 1 1 1 1 1 1 1 1 1
1 1 1 1 1 1 1 1 1 1 1 1 1 1 1 1
1 1 0 0 1 1 1 0 1 1 1 1 1 1 0 0
0 0 0 0 1 0 0 0 1 1 1 0 1 1 0 0
1 1 1 1 1 1 1 1 1 1 1 1 1 1 1 1
1 0 0 0 1 1 0 0 1 1 1 0 0 1 1 1
1 0 0 0 1 1 0 0 1 1 1 1 1 1 1 1
0 0 0 0 0 0 0 0 0 1 0 0 0 0 0 0
1 1 1 1 1 1 1 1 1 1 1 1 1 1 1 1
1 1 1 1 1 1 1 1 1 1 1 1 1 1 1 1
1 1 0 0 1 0 1 0 0 0 0 0 0 0 0 0
1 1 1 1 1 1 1 1 1 1 1 1 1 1 1 1
1 1 1 1 1 1 1 1 1 1 1 1 1 1 1 1
1 1 1 1 1 1 1 1 1 1 1 1 1 1 1 1
1 1 1 1 1 1 1 1 1 1 1 1 1 1 1 1
1 1 1 1 1 1 1 1 1 1 1 1 1 1 1 1
1 1 1 1 1 1 1 1 1 1 1 1 1 1 1 1
1 1 1 1 1 1 1 1 1 1 1 1 1 1 1 1
1 1 1 1 1 1 1 1 1 1 1 1 1 1 1 1
1 1 1 1 1 1 1 1 1 1 1 1 1 1 1 1
1 1 1 1 1 1 1 1 1 1 1 1 1 1 1 1
1 1 1 1 1 1 1 1 1 1 1 1 1 1 1 1
1 1 1 1 1 1 1 1 1 1 1 1 1 1 1 1
1 0 0 0 1 1 0 0 1 1 0 0 1 0 0 0
1 1 1 1 1 1 1 1 1 1 1 1 1 1 1 1
1 1 1 1 1 1 1 1 1 1 1 1 1 1 1 1
1 1 0 0 1 1 1 0 1 1 1 1 1 1 1 0
1 1 0 0 1 1 1 1 0 1 1 1 0 0 1 1
1 1 1 1 1 1 1 1 1 1 1 1 1 1 1 1
1 1 1 1 1 1 1 1 1 1 1 1 1 1 1 1
1 1 1 1 1 1 1 1 1 1 1 1 1 1 1 1
1 1 1 1 1 1 1 1 1 1 1 1 1 1 1 1
1 1 1 1 1 1 1 1 1 1 1 1 1 1 1 1
1 1 1 1 1 1 1 1 1 1 1 1 1 1 1 1
1 1 1 1 1 1 1 1 1 1 1 1 1 1 1 1
1 1 1 1 1 1 1 1 1 1 1 1 1 1 1 1
1 1 1 1 1 1 1 1 1 1 1 1 1 1 1 1
1 1 1 1 1 1 1 1 1 1 1 1 1 1 1 1
1 1 1 1 1 1 1 1 1 1 1 1 1 1 1 1
0 0 0 0 0 0 0 0 1 1 1 0 1 1 1 1
1 1 1 1 1 1 1 1 1 1 1 1 1 1 1 1
1 1 1 1 1 1 1 1 1 1 1 1 1 1 1 1
1 1 0 0 1 1 1 1 1 1 1 1 1 1 1 1
1 1 1 1 1 1 1 1 1 1 1 1 1 1 1 1
1 1 1 1 1 1 1 1 1 1 1 1 1 1 1 1
1 1 1 1 1 1 1 1 1 1 1 1 1 1 1 1
1 1 1 1 1 1 1 1 1 1 1 1 1 1 1 1
1 1 1 1 1 1 1 1 1 1 1 1 1 1 1 1
1 1 1 1 1 1 1 1 1 1 1 1 1 1 1 1
1 1 1 0 1 1 1 1 1 1 1 1 1 1 1 1
1 1 1 1 1 1 1 1 1 1 1 1 1 1 1 1
1 1 1 1 1 1 1 1 1 1 1 1 1 1 1 1
1 1 1 1 1 1 1 1 1 1 1 1 1 1 1 1
1 1 1 1 1 1 1 1 1 1 1 1 1 1 1 1
0 0 0 0 0 0 0 0 1 1 1 0 1 1 1 1
1 1 1 1 1 1 1 1 1 1 1 1 1 1 1 1
1 1 1 1 1 1 1 1 1 1 1 1 1 1 1 1
1 1 1 1 1 1 1 1 1 1 1 1 1 1 1 1
1 1 1 1 1 1 1 1 1 1 1 1 1 1 1 1
1 1 1 1 1 1 1 1 1 1 1 1 1 1 1 1
1 1 1 1 1 1 1 1 1 1 1 1 1 1 1 1
1 1 1 1 1 1 1 1 1 1 1 1 1 1 1 1
1 1 1 1 1 1 1 1 1 1 1 1 1 1 1 1
1 1 1 1 1 1 1 1 1 1 1 1 1 1 1 1
1 1 1 1 1 1 1 1 1 1 1 1 0 1 1 1
1 1 1 1 1 1 1 1 1 1 1 1 1 1 1 1
1 1 1 1 1 1 1 1 1 1 1 1 1 1 1 1
1 1 1 1 1 1 1 1 1 1 1 1 1 1 1 1
1 1 1 1 1 1 1 1 1 1 1 1 1 1 1 1
1 1 1 1 1 1 1 1 1 1 1 1 1 1 0 0
1 1 1 1 1 1 1 1 1 1 1 1 1 1 1 1
1 1 1 1 1 1 1 1 1 1 1 0 0 0 0 0
1 1 1 1 1 1 1 1 1 1 1 1 1 1 1 1
1 1 1 1 1 1 1 1 1 1 1 1 1 1 1 1
1 1 1 1 1 1 1 1 1 1 1 1 1 1 1 1
1 1 1 1 1 1 1 1 1 1 1 1 1 1 1 1
1 1 1 1 1 1 1 1 1 1 1 1 1 1 0 0
1 1 1 1 1 1 1 1 1 1 1 1 1 1 1 1
1 1 1 1 1 1 1 1 1 1 1 0 1 0 0 0
1 1 1 1 1 1 1 1 1 1 1 1 1 1 1 0
1 1 1 1 1 1 1 1 1 1 1 1 1 1 1 1
1 1 1 1 1 1 1 1 1 1 1 1 1 1 1 1
1 1 1 1 1 1 1 1 1 1 1 1 1 1 1 0
1 1 1 1 1 1 1 1 1 1 1 1 1 1 1 1
1 1 1 1 1 1 1 1 1 1 1 1 1 1 1 1
1 1 1 1 1 1 1 0 1 1 0 0 1 0 0 0
1 1 1 1 1 1 1 1 1 1 1 1 1 1 1 1
1 1 1 1 1 1 1 1 1 1 1 1 1 1 1 1
1 1 1 1 1 1 1 1 1 1 1 1 1 1 1 1
1 1 1 1 1 1 1 1 1 1 1 1 1 1 1 1
1 1 1 1 1 1 1 1 1 1 1 1 1 1 1 1
1 1 1 1 1 1 1 1 1 1 1 1 1 1 1 1
1 1 1 1 1 1 1 1 1 1 1 1 1 1 1 1
1 1 1 1 1 1 1 1 1 1 1 1 1 1 1 1
1 1 1 1 1 1 1 1 1 1 1 1 1 1 1 1
1 1 1 1 1 1 1 1 1 1 1 1 1 1 1 1
1 1 1 1 1 1 1 1 1 1 1 1 1 1 1 1
1 1 1 1 1 1 1 1 1 1 1 1 1 1 1 1
1 1 1 1 1 1 1 1 1 1 1 1 1 1 1 1
1 1 1 1 1 1 1 1 1 1 1 1 1 1 1 1
1 1 1 1 1 1 1 1 1 1 1 1 1 1 1 1
1 1 1 1 1 1 1 1 1 1 1 1 1 1 1 1
1 1 1 1 1 1 1 1 1 1 1 1 1 1 1 1
1 1 1 1 1 1 1 1 1 1 1 1 1 1 1 1
1 1 1 1 1 1 1 1 1 1 1 1 1 1 1 1
1 1 1 1 1 1 1 1 1 1 1 1 1 1 1 1
1 1 1 1 1 1 1 1 1 1 1 1 1 1 1 1
1 1 1 1 1 1 1 1 1 1 1 1 1 1 1 1
1 1 1 1 1 1 1 1 1 1 1 1 1 1 1 1
1 1 1 1 1 1 1 1 1 1 1 1 1 1 1 1
1 1 1 1 1 1 1 1 1 1 1 1 1 1 1 1
1 1 1 1 1 1 1 1 1 1 1 1 1 1 1 1
1 1 1 1 1 1 1 1 1 1 1 1 1 1 1 1
1 1 1 1 1 1 1 1 1 1 1 1 1 1 1 1
1 1 1 1 1 1 1 1 1 1 1 1 1 1 1 1
1 1 1 1 1 1 1 1 1 1 1 1 1 1 1 1
1 1 1 1 1 1 1 1 1 1 1 1 1 1 1 1
1 1 1 1 1 1 1 1 1 1 1 1 1 1 1 1
1 1 1 1 1 1 1 1 1 1 1 1 1 1 1 1
1 1 1 1 1 1 1 1 1 1 1 1 1 1 1 1
1 1 1 1 1 1 1 1 1 1 1 1 1 1 1 1
1 1 1 1 1 1 1 1 1 1 1 1 1 1 1 1
1 1 1 1 1 1 1 1 1 1 1 1 1 1 1 1
1 1 1 1 1 1 1 1 1 1 1 1 1 1 1 1
1 1 1 1 1 1 1 1 1 1 1 1 1 1 1 1
1 1 1 1 1 1 1 1 1 1 1 1 1 1 1 1
1 1 1 1 1 1 1 1 1 1 1 1 1 1 1 1
1 1 1 1 1 1 1 1 1 1 1 1 1 1 1 1
1 1 1 1 1 1 1 1 1 1 1 1 1 1 1 1
1 1 1 1 1 1 1 1 1 1 1 1 1 1 1 1
1 1 1 1 1 1 1 1 1 1 1 1 1 1 1 1
1 1 1 1 1 1 1 1 1 1 1 1 1 1 1 1
1 1 1 1 1 1 1 1 1 1 1 1 1 1 1 1
1 1 1 1 1 1 1 1 1 1 1 1 1 1 1 1
1 1 1 1 1 1 1 1 1 1 1 1 1 1 1 1
1 1 1 1 1 1 1 1 1 1 1 1 1 1 1 1
1 1 1 1 1 1 1 1 1 1 1 1 1 1 1 1
1 1 1 1 1 1 1 1 1 1 1 1 1 1 1 1
1 1 1 1 1 1 1 1 1 1 1 1 1 1 1 1
1 1 1 1 1 1 1 1 1 1 1 1 1 1 1 1
1 1 1 1 1 1 1 1 1 1 1 1 1 1 1 1
1 1 1 1 1 1 1 1 1 1 1 1 1 1 1 1
1 1 1 1 1 1 1 1 1 1 1 1 1 1 1 1
1 1 1 1 1 1 1 1 1 1 1 1 1 1 1 1
1 1 1 1 1 1 1 1 1 1 1 1 1 1 1 1
1 1 1 1 1 1 1 1 1 1 1 1 1 1 1 1
1 1 1 1 1 1 1 1 1 1 1 1 1 1 1 1
1 1 1 1 1 1 1 1 1 1 1 1 1 1 1 1
1 1 1 1 1 1 1 1 1 1 1 1 1 1 1 1
1 1 1 1 1 1 1 1 1 1 1 1 1 1 1 1
1 1 1 1 1 1 1 1 1 1 1 1 1 1 1 1
1 1 1 1 1 1 1 1 1 1 1 1 1 1 1 1
1 1 1 1 1 1 1 1 1 1 1 1 1 1 1 1
1 1 1 1 1 1 1 1 1 1 1 1 1 1 1 1
1 1 1 1 1 1 1 1 1 1 1 1 1 1 1 1
