# Restructured intersection tree filter model
# Depth reduced from 8 to 7

7 10 16

# W matrix (127 x 10 = 1270 values)
-0.8436920642852783 0.0692589059472084 -0.26780572533607483 0.18883945047855377 -0.0074612852185964584 0.14793087542057037 0.24176201224327087 0.2273910492658615 0.17049580812454224 0.12183195352554321
0.08357534557580948 0.44420692324638367 -0.2111082673072815 -0.348535418510437 0.07399245351552963 0.3512415587902069 -0.019549967721104622 -0.5568274855613708 -0.431427538394928 -0.06509613245725632
0.2257666289806366 0.17125548422336578 0.28191325068473816 0.5814771056175232 0.4337502121925354 -0.06867252290248871 0.3764449954032898 0.32054081559181213 0.06962569802999496 0.24484705924987793
0.04634719341993332 0.10222572833299637 0.1478283703327179 0.40306833386421204 0.25325387716293335 0.20098689198493958 -0.06651271134614944 0.7944902777671814 0.24266858398914337 -0.06343846023082733
0.6329345703125 0.15148873627185822 0.428141325712204 0.024539485573768616 0.43983396887779236 -0.21734002232551575 0.08097629994153976 -0.3174455165863037 0.06243832781910896 0.20154401659965515
-0.3107748329639435 0.4490243196487427 -0.6333192586898804 0.3723369836807251 -0.10055425763130188 0.06371946632862091 -0.012971136718988419 0.11354586482048035 0.3658302426338196 0.03168481960892677
-0.596209704875946 -0.3672148883342743 -0.1469949632883072 -0.2806403934955597 -0.2094484269618988 0.3040944039821625 -0.3239951729774475 0.32280704379081726 0.013887764886021614 0.2522071599960327
-0.4430215358734131 -0.03771531581878662 0.335849791765213 0.4985109269618988 -0.4200360178947449 -0.23335175216197968 -0.16416606307029724 -0.006573799066245556 0.18783748149871826 0.3845013380050659
0.3343541622161865 0.004695105832070112 -0.05575443059206009 -0.17048998177051544 0.6077629923820496 0.4310011863708496 0.08566422015428543 0.3427445888519287 0.28828421235084534 -0.30488017201423645
0.1981465220451355 -0.006362456828355789 0.1859942376613617 0.050999872386455536 -0.3314748704433441 -0.511435329914093 0.15097355842590332 0.029995525255799294 0.30989348888397217 -0.6575213074684143
0.0 0.0 0.0 0.0 0.0 0.0 0.0 0.0 0.0 0.0
0.0 0.0 0.0 0.0 0.0 0.0 0.0 0.0 0.0 0.0
0.058498870581388474 0.6423572897911072 0.44286301732063293 -0.1217922791838646 -0.3024659752845764 -0.0606282614171505 -0.16813315451145172 0.03938142582774162 0.4980018734931946 -0.002659405814483762
-0.14181552827358246 -0.0707525908946991 -0.4711759686470032 0.2724376320838928 -0.35636594891548157 0.08726536482572556 0.004868829157203436 0.1411573886871338 0.7200813889503479 0.07466642558574677
-0.4479474127292633 0.6311168074607849 -0.010399088263511658 0.10662366449832916 -0.15773308277130127 0.10503987967967987 0.22879549860954285 -0.11950493603944778 0.04355290159583092 -0.533965528011322
0.0 0.0 0.0 0.0 0.0 0.0 0.0 0.0 0.0 0.0
0.40025460720062256 0.2831059992313385 0.004122304730117321 -0.007929058745503426 0.1533317118883133 -0.045874204486608505 0.30873817205429077 -0.0037864844780415297 -0.1926063895225525 0.7755781412124634
-0.48572683334350586 -0.07966180145740509 0.2913385033607483 -0.12541304528713226 0.29484090209007263 0.4112159013748169 -0.2811184823513031 0.1405399590730667 0.06640879064798355 0.5458003282546997
-0.0789603590965271 -0.08156124502420425 0.20537441968917847 0.3622921407222748 -0.1269398033618927 -0.45466965436935425 0.5945789217948914 0.30393505096435547 -0.08424218744039536 0.37127238512039185
-0.6909934878349304 -0.04395035654306412 0.04747490584850311 0.12167581915855408 -0.026659129187464714 -0.33964064717292786 0.3118358552455902 0.2746161222457886 0.2775506377220154 -0.37118861079216003
0.0 0.0 0.0 0.0 0.0 0.0 0.0 0.0 0.0 0.0
0.0 0.0 0.0 0.0 0.0 0.0 0.0 0.0 0.0 0.0
0.0 0.0 0.0 0.0 0.0 0.0 0.0 0.0 0.0 0.0
0.0 0.0 0.0 0.0 0.0 0.0 0.0 0.0 0.0 0.0
0.0 0.0 0.0 0.0 0.0 0.0 0.0 0.0 0.0 0.0
0.0 0.0 0.0 0.0 0.0 0.0 0.0 0.0 0.0 0.0
0.21291306614875793 0.11441285908222198 0.48687025904655457 0.5421081781387329 0.19070135056972504 -0.12945556640625 -0.42362672090530396 0.25528132915496826 0.20230966806411743 0.2682737112045288
-0.09094759076833725 -0.7238511443138123 -0.4351344406604767 0.26951876282691956 0.1889825016260147 -0.0030906135216355324 -0.30509889125823975 0.09802457690238953 -0.1618622988462448 -0.2028995305299759
0.0 0.0 0.0 0.0 0.0 0.0 0.0 0.0 0.0 0.0
0.037414226680994034 0.3794081211090088 0.20153354108333588 0.11668125540018082 -0.23430496454238892 0.37151825428009033 -0.2958965003490448 0.5781618356704712 0.05354737862944603 0.4275529682636261
0.2887856960296631 0.3101028800010681 0.3346852958202362 0.09899397194385529 0.5470587015151978 -0.4692935645580292 0.06592865288257599 -0.2487155646085739 -0.3330385386943817 0.04465973749756813
0.0 0.0 0.0 0.0 0.0 0.0 0.0 0.0 0.0 0.0
0.0 0.0 0.0 0.0 0.0 0.0 0.0 0.0 0.0 0.0
0.1905898153781891 -0.28051844239234924 -0.3105233907699585 -0.0407581552863121 0.5717154145240784 0.3894609808921814 0.295433908700943 -0.3148808479309082 0.18107913434505463 -0.2985628843307495
0.2091730833053589 -0.1450343132019043 0.21178250014781952 0.6054295301437378 0.35922643542289734 -0.02748914808034897 -0.2942582666873932 0.31577619910240173 -0.006834940053522587 0.4557042419910431
0.49991312623023987 0.06778308749198914 0.3369499146938324 -0.22586271166801453 0.3361336886882782 -0.3154151737689972 0.5442401766777039 -0.1375724822282791 0.014471514150500298 -0.23051585257053375
0.0 0.0 0.0 0.0 0.0 0.0 0.0 0.0 0.0 0.0
0.014280145987868309 -0.34877488017082214 0.343857079744339 0.030467933043837547 0.0007980380905792117 0.5632296800613403 0.06714032590389252 0.36487114429473877 -0.5508320331573486 0.026517219841480255
-0.12644265592098236 0.11316889524459839 -0.29709097743034363 -0.09615015983581543 0.22387784719467163 -0.06671779602766037 0.019214671105146408 0.38918906450271606 -0.4346534013748169 0.6916384696960449
0.0 0.0 0.0 0.0 0.0 0.0 0.0 0.0 0.0 0.0
-0.11619202792644501 -0.541427493095398 -0.17823724448680878 0.1820773482322693 -0.07263350486755371 0.3552687466144562 0.49527445435523987 -0.3892430067062378 -0.28217813372612 0.1432202309370041
0.0 0.0 0.0 0.0 0.0 0.0 0.0 0.0 0.0 0.0
0.0 0.0 0.0 0.0 0.0 0.0 0.0 0.0 0.0 0.0
0.0 0.0 0.0 0.0 0.0 0.0 0.0 0.0 0.0 0.0
0.0 0.0 0.0 0.0 0.0 0.0 0.0 0.0 0.0 0.0
0.0 0.0 0.0 0.0 0.0 0.0 0.0 0.0 0.0 0.0
0.0 0.0 0.0 0.0 0.0 0.0 0.0 0.0 0.0 0.0
0.0 0.0 0.0 0.0 0.0 0.0 0.0 0.0 0.0 0.0
0.0 0.0 0.0 0.0 0.0 0.0 0.0 0.0 0.0 0.0
0.0 0.0 0.0 0.0 0.0 0.0 0.0 0.0 0.0 0.0
0.0 0.0 0.0 0.0 0.0 0.0 0.0 0.0 0.0 0.0
0.0 0.0 0.0 0.0 0.0 0.0 0.0 0.0 0.0 0.0
0.0 0.0 0.0 0.0 0.0 0.0 0.0 0.0 0.0 0.0
0.0 0.0 0.0 0.0 0.0 0.0 0.0 0.0 0.0 0.0
0.12542133033275604 -0.05883990600705147 0.15749746561050415 -0.32540807127952576 0.14256751537322998 0.2650219798088074 0.2775473892688751 0.3592458665370941 0.5133079290390015 0.5384925007820129
-0.15297909080982208 -0.259651780128479 0.580639660358429 0.630912184715271 0.10991639643907547 -0.04658076912164688 -0.2695484459400177 0.06391263753175735 0.16231340169906616 -0.23800738155841827
-0.5584996342658997 -0.12662248313426971 0.03475341200828552 0.535346508026123 -0.4001883268356323 0.0817018672823906 -0.2549689710140228 -0.15904496610164642 0.0846422091126442 -0.3463329076766968
0.0 0.0 0.0 0.0 0.0 0.0 0.0 0.0 0.0 0.0
0.0 0.0 0.0 0.0 0.0 0.0 0.0 0.0 0.0 0.0
0.3475233316421509 0.20330499112606049 0.024874908849596977 0.24265159666538239 -0.11662334948778152 0.09288370609283447 -0.15649090707302094 0.7097001671791077 0.4461735188961029 0.17009782791137695
0.0 0.0 0.0 0.0 0.0 0.0 0.0 0.0 0.0 0.0
-0.134709432721138 0.039153847843408585 0.049854669719934464 0.6918433308601379 0.02462592162191868 0.24757736921310425 -0.1177685558795929 0.013624878600239754 -0.41311702132225037 -0.5025594830513
-0.29036545753479004 -0.06485956162214279 0.00813313852995634 0.7228401303291321 0.009193699806928635 -0.28046348690986633 -0.20085372030735016 -0.019150542095303535 0.5190972685813904 0.001427703071385622
0.0 0.0 0.0 0.0 0.0 0.0 0.0 0.0 0.0 0.0
0.0 0.0 0.0 0.0 0.0 0.0 0.0 0.0 0.0 0.0
0.0 0.0 0.0 0.0 0.0 0.0 0.0 0.0 0.0 0.0
0.0 0.0 0.0 0.0 0.0 0.0 0.0 0.0 0.0 0.0
0.0 0.0 0.0 0.0 0.0 0.0 0.0 0.0 0.0 0.0
0.05793246626853943 0.8645773530006409 -0.1449257880449295 -0.17041295766830444 0.222549170255661 -0.23778772354125977 0.090081587433815 0.1688126176595688 0.07270976155996323 -0.226131871342659
0.0 0.0 0.0 0.0 0.0 0.0 0.0 0.0 0.0 0.0
0.025721723213791847 0.4160250127315521 -0.04174606502056122 -0.6179385781288147 0.19791419804096222 -0.38511648774147034 -0.3769638240337372 -0.09736435860395432 -0.017001871019601822 0.32142722606658936
0.0 0.0 0.0 0.0 0.0 0.0 0.0 0.0 0.0 0.0
0.322318971157074 -0.2777836322784424 -0.12544287741184235 0.35013502836227417 0.5046050548553467 0.10386776924133301 -0.5222750306129456 0.2481846958398819 0.1185799166560173 -0.25840553641319275
0.0 0.0 0.0 0.0 0.0 0.0 0.0 0.0 0.0 0.0
0.0 0.0 0.0 0.0 0.0 0.0 0.0 0.0 0.0 0.0
-0.5451182126998901 -0.49812954664230347 0.21305708587169647 0.07271299511194229 -0.06963396817445755 0.442320317029953 -0.005204482935369015 -0.32042452692985535 -0.14975129067897797 0.280021607875824
0.1405232548713684 -0.06745991110801697 -0.14950597286224365 0.471589595079422 -0.725691556930542 0.3777000606060028 -0.06977302581071854 0.03559383377432823 0.22206735610961914 0.07886018604040146
0.22767803072929382 -0.7178207635879517 -0.23052719235420227 0.15113353729248047 -0.12840479612350464 -0.05984928458929062 -0.17110323905944824 -0.07583313435316086 0.5002251267433167 0.22713454067707062
-0.21110183000564575 -0.5692675709724426 -0.380715548992157 -0.07688406109809875 -0.08376935869455338 0.17308777570724487 -0.634064793586731 -0.04732833430171013 -0.14661702513694763 -0.13328014314174652
0.0 0.0 0.0 0.0 0.0 0.0 0.0 0.0 0.0 0.0
0.0 0.0 0.0 0.0 0.0 0.0 0.0 0.0 0.0 0.0
0.23601582646369934 0.03615949675440788 0.08221472799777985 0.4090493619441986 0.005288941320031881 0.4903065264225006 0.5855540037155151 0.060577552765607834 0.07992517203092575 -0.4189852476119995
0.0 0.0 0.0 0.0 0.0 0.0 0.0 0.0 0.0 0.0
0.0 0.0 0.0 0.0 0.0 0.0 0.0 0.0 0.0 0.0
0.0 0.0 0.0 0.0 0.0 0.0 0.0 0.0 0.0 0.0
0.0 0.0 0.0 0.0 0.0 0.0 0.0 0.0 0.0 0.0
0.0 0.0 0.0 0.0 0.0 0.0 0.0 0.0 0.0 0.0
0.0 0.0 0.0 0.0 0.0 0.0 0.0 0.0 0.0 0.0
0.0 0.0 0.0 0.0 0.0 0.0 0.0 0.0 0.0 0.0
0.0 0.0 0.0 0.0 0.0 0.0 0.0 0.0 0.0 0.0
0.0 0.0 0.0 0.0 0.0 0.0 0.0 0.0 0.0 0.0
0.0 0.0 0.0 0.0 0.0 0.0 0.0 0.0 0.0 0.0
0.0 0.0 0.0 0.0 0.0 0.0 0.0 0.0 0.0 0.0
0.0 0.0 0.0 0.0 0.0 0.0 0.0 0.0 0.0 0.0
0.0 0.0 0.0 0.0 0.0 0.0 0.0 0.0 0.0 0.0
0.0 0.0 0.0 0.0 0.0 0.0 0.0 0.0 0.0 0.0
0.0 0.0 0.0 0.0 0.0 0.0 0.0 0.0 0.0 0.0
0.0 0.0 0.0 0.0 0.0 0.0 0.0 0.0 0.0 0.0
0.0 0.0 0.0 0.0 0.0 0.0 0.0 0.0 0.0 0.0
0.0 0.0 0.0 0.0 0.0 0.0 0.0 0.0 0.0 0.0
0.0 0.0 0.0 0.0 0.0 0.0 0.0 0.0 0.0 0.0
0.0 0.0 0.0 0.0 0.0 0.0 0.0 0.0 0.0 0.0
0.0 0.0 0.0 0.0 0.0 0.0 0.0 0.0 0.0 0.0
0.0 0.0 0.0 0.0 0.0 0.0 0.0 0.0 0.0 0.0
0.0 0.0 0.0 0.0 0.0 0.0 0.0 0.0 0.0 0.0
0.0 0.0 0.0 0.0 0.0 0.0 0.0 0.0 0.0 0.0
0.0 0.0 0.0 0.0 0.0 0.0 0.0 0.0 0.0 0.0
0.0 0.0 0.0 0.0 0.0 0.0 0.0 0.0 0.0 0.0
0.0 0.0 0.0 0.0 0.0 0.0 0.0 0.0 0.0 0.0
0.1602662205696106 0.13803008198738098 0.36702001094818115 -0.027652626857161522 0.24729646742343903 -0.2114190310239792 0.10670269280672073 0.1474687159061432 0.56235671043396 0.6037905216217041
0.08688660711050034 0.5911292433738708 0.07706461101770401 -0.1080293357372284 0.0784149244427681 -0.14143873751163483 0.2509748637676239 0.36885786056518555 -0.2511773407459259 -0.5806198120117188
0.6016676425933838 -0.29363974928855896 -0.47548675537109375 -0.0739172175526619 0.37728744745254517 -0.24751271307468414 0.10982128977775574 -0.08719879388809204 -0.3110404312610626 -0.014193328097462654
-0.3531404733657837 0.04170800372958183 0.20671705901622772 0.4119378924369812 0.15375719964504242 0.08254533261060715 -0.028978971764445305 -0.4420870244503021 -0.5042009353637695 -0.42446810007095337
0.0 0.0 0.0 0.0 0.0 0.0 0.0 0.0 0.0 0.0
0.3951681852340698 0.7305393218994141 -0.1814107894897461 -0.09993241727352142 0.2422051578760147 -0.26186874508857727 -0.24642984569072723 0.258391797542572 0.10076283663511276 0.048705872148275375
0.0 0.0 0.0 0.0 0.0 0.0 0.0 0.0 0.0 0.0
0.0 0.0 0.0 0.0 0.0 0.0 0.0 0.0 0.0 0.0
0.0 0.0 0.0 0.0 0.0 0.0 0.0 0.0 0.0 0.0
0.0 0.0 0.0 0.0 0.0 0.0 0.0 0.0 0.0 0.0
0.0 0.0 0.0 0.0 0.0 0.0 0.0 0.0 0.0 0.0
-0.12793821096420288 -0.17789573967456818 0.33862411975860596 -0.3923271596431732 0.45546066761016846 -0.17052729427814484 -0.38049694895744324 -0.08037066459655762 -0.4216223955154419 0.34332379698753357
0.0 0.0 0.0 0.0 0.0 0.0 0.0 0.0 0.0 0.0
0.0 0.0 0.0 0.0 0.0 0.0 0.0 0.0 0.0 0.0
-0.14876417815685272 0.4986547827720642 -0.04207348823547363 -0.2663942575454712 0.6179926991462708 0.3060084283351898 -0.23837655782699585 0.07012632489204407 -0.1537398248910904 -0.309100866317749
-0.42132386565208435 -0.26499006152153015 -0.301628053188324 0.09361755847930908 -0.2633149325847626 -0.06756198406219482 0.25204598903656006 -0.4870445430278778 0.5149237513542175 0.11285964399576187
0.08271662890911102 -0.3330930173397064 0.5963959097862244 -0.02318238466978073 -0.2647518813610077 0.1385170966386795 -0.2560422718524933 0.12021132558584213 -0.2856263518333435 -0.5245094299316406
0.10198640823364258 0.2655336558818817 0.5185947418212891 -0.32879504561424255 -0.5174622535705566 0.04786765202879906 0.24738460779190063 0.18960215151309967 -0.12286699563264847 -0.39967620372772217

# B vector (127 values)
-0.42640677094459534 -0.38064372539520264 0.3527260422706604 0.2918873429298401 -1.5445261001586914 1.300695538520813 0.46113067865371704 0.6396709084510803 0.2999019920825958 -0.6795856356620789
-1.0 -1.0 -0.5022833347320557 0.1791425347328186 0.2689628601074219 -1.0 0.5536394715309143 -1.454440951347351 -0.008909307420253754 0.3101077973842621
-1.0 -1.0 -1.0 -1.0 -1.0 -1.0 0.4309777617454529 1.843748927116394 -1.0 -0.5265220403671265
0.5821846723556519 -1.0 -1.0 -0.3063207268714905 0.6513869762420654 0.504081666469574 -1.0 -0.15046250820159912 0.3835304379463196 -1.0
0.1056876927614212 -1.0 -1.0 -1.0 -1.0 -1.0 -1.0 -1.0 -1.0 -1.0
-1.0 -1.0 -1.0 -1.0 0.4354170560836792 -0.536493182182312 -0.142564058303833 -1.0 -1.0 0.96535724401474
-1.0 0.17437300086021423 -1.1445738077163696 -1.0 -1.0 -1.0 -1.0 -1.0 0.7726520299911499 -1.0
-0.06421932578086853 -1.0 -0.21938273310661316 -1.0 -1.0 0.6025645136833191 0.7530637979507446 0.40109455585479736 0.562183141708374 -1.0
-1.0 0.2211582362651825 -1.0 -1.0 -1.0 -1.0 -1.0 -1.0 -1.0 -1.0
-1.0 -1.0 -1.0 -1.0 -1.0 -1.0 -1.0 -1.0 -1.0 -1.0
-1.0 -1.0 -1.0 -1.0 -1.0 -1.0 -1.0 -1.0 -1.0 1.2004053592681885
-1.1631739139556885 1.6246652603149414 -0.3520543575286865 -1.0 0.13776706159114838 -1.0 -1.0 -1.0 -1.0 -1.0
-1.0454106330871582 -1.0 -1.0 1.2520900964736938 0.18261268734931946 -0.7626728415489197 0.21615833044052124

# Leaf predictions (128 x 16 = 2048 values)
1 1 1 1 1 1 1 1 1 1 1 1 1 1 1 1
1 1 1 1 1 1 1 1 1 1 1 1 1 1 1 1
1 1 1 1 1 1 1 1 1 1 1 1 1 1 1 1
1 1 1 1 1 1 1 1 1 1 1 1 1 1 1 1
1 1 1 1 1 1 1 1 1 1 1 1 1 1 1 1
1 1 1 1 1 1 1 1 1 1 1 1 1 1 1 1
1 1 1 1 1 1 1 1 1 1 1 1 1 1 1 1
1 1 1 1 1 1 1 1 1 1 1 1 1 1 1 1
1 1 1 1 1 1 1 1 1 1 1 1 1 1 1 1
1 1 1 1 1 1 1 1 1 1 1 1 1 1 1 1
1 1 1 1 1 1 1 1 1 1 1 1 1 1 1 1
1 1 1 1 1 1 1 1 1 1 1 1 1 1 1 1
1 1 1 1 1 1 1 1 1 1 1 1 1 1 1 1
1 1 1 1 1 1 1 1 1 1 1 1 1 1 1 1
1 1 1 1 1 1 1 1 1 1 1 1 1 1 1 1
1 1 1 1 1 1 1 1 1 1 1 1 1 1 1 1
1 1 1 1 1 1 1 1 1 1 1 1 1 1 1 1
1 1 1 1 1 1 1 1 1 1 1 1 1 1 1 1
1 1 1 1 1 1 1 1 1 1 1 1 1 1 1 1
1 1 1 1 1 1 1 1 1 1 1 1 1 1 1 1
1 1 1 1 1 1 1 1 1 1 1 1 1 1 1 1
1 1 1 1 1 1 1 1 1 1 1 1 1 1 1 1
1 1 1 1 1 1 1 1 1 1 1 1 1 1 1 1
1 1 1 1 1 1 1 1 1 1 1 1 1 1 1 1
1 1 1 1 1 1 1 1 1 1 1 1 1 1 1 1
1 1 1 1 1 1 1 1 1 1 1 1 1 1 1 1
1 1 1 1 1 1 1 1 1 1 1 1 1 1 1 1
1 1 1 1 1 1 1 1 1 1 1 1 1 1 1 1
1 1 1 1 1 1 1 1 1 1 1 1 1 1 1 1
1 1 1 1 1 1 1 1 1 1 1 1 1 1 1 1
1 1 1 1 1 1 1 1 1 1 1 1 1 1 1 1
1 1 1 1 1 1 1 1 1 1 1 1 1 1 1 1
1 1 1 1 1 1 1 1 1 1 1 1 1 1 1 1
1 1 1 1 1 1 1 1 1 1 1 1 1 1 1 1
1 1 1 1 1 1 1 1 1 1 1 1 1 1 1 1
1 1 1 1 1 1 1 1 1 1 1 1 1 1 1 1
1 1 1 1 1 1 1 1 1 1 1 1 1 1 1 1
1 1 1 1 1 1 1 1 1 1 1 1 1 1 1 1
1 1 1 1 1 1 1 1 1 1 1 1 1 1 1 1
1 1 1 1 1 1 1 1 1 1 1 1 1 1 1 1
1 1 1 1 1 1 1 1 1 1 1 1 1 1 1 1
1 1 1 1 1 1 1 1 1 1 1 1 1 1 1 1
1 1 1 1 1 1 1 1 1 1 1 1 1 1 1 1
1 1 1 1 1 1 1 1 1 1 1 1 1 1 1 1
1 1 1 1 1 1 1 1 1 1 1 1 1 1 1 1
1 1 1 1 1 1 1 1 1 1 1 1 1 1 1 1
1 1 1 1 1 1 1 1 1 1 1 1 1 1 1 1
1 1 1 1 1 1 1 1 1 1 1 1 1 1 1 1
1 1 1 1 1 1 1 1 1 1 1 1 1 1 1 1
1 1 1 1 1 1 1 1 1 1 1 1 1 1 1 1
1 1 1 1 1 1 1 1 1 1 1 1 1 1 1 1
1 1 1 1 1 1 1 1 1 1 1 1 1 1 1 1
1 1 1 1 1 1 1 1 1 1 1 1 1 1 1 1
1 1 1 1 1 1 1 1 1 1 1 1 1 1 1 1
1 1 1 1 1 1 1 1 1 1 1 1 1 1 1 1
1 1 1 1 1 1 1 1 1 1 1 1 1 1 1 1
1 1 1 1 1 1 1 1 1 1 1 1 1 1 1 1
1 1 1 1 1 1 1 1 1 1 1 1 1 1 1 1
1 1 1 1 1 1 1 1 1 1 1 1 1 1 1 1
1 1 1 1 1 1 1 1 1 1 1 1 1 1 1 1
1 1 1 1 1 1 1 1 1 1 1 1 1 1 1 1
1 1 1 1 1 1 1 1 1 1 1 1 1 1 1 1
1 1 1 1 1 1 1 1 1 1 1 1 1 1 1 1
1 1 1 1 1 1 1 1 1 1 1 1 1 1 1 1
1 1 1 1 1 1 1 1 1 1 1 1 1 1 1 1
1 1 1 1 1 1 1 1 1 1 1 1 1 1 1 1
1 1 1 1 1 1 1 1 1 1 1 1 1 1 1 1
1 1 1 1 1 1 1 1 1 1 1 1 1 1 1 1
1 1 1 1 1 1 1 1 1 1 1 1 1 1 1 1
1 1 1 1 1 1 1 1 1 1 1 1 1 1 1 1
1 1 1 1 1 1 1 1 1 1 1 1 1 1 1 1
1 1 1 1 1 1 1 1 1 1 1 1 1 1 1 1
1 1 1 1 1 1 1 1 1 1 1 1 1 1 1 1
1 1 1 1 1 1 1 1 1 1 1 1 1 1 1 1
1 1 1 1 1 1 1 1 1 1 1 1 1 1 1 1
1 1 1 1 1 1 1 1 1 1 1 1 1 1 1 1
1 1 1 1 1 1 1 1 1 1 1 1 1 1 1 1
1 1 1 1 1 1 1 1 1 1 1 1 1 1 1 1
1 1 1 1 1 1 1 1 1 1 1 1 1 1 1 1
1 1 1 1 1 1 1 1 1 1 1 1 1 1 1 1
1 1 1 1 1 1 1 1 1 1 1 1 1 1 1 1
1 1 1 1 1 1 1 1 1 1 1 1 1 1 1 1
1 1 1 1 1 1 1 1 1 1 1 1 1 1 1 1
1 1 1 1 1 1 1 1 1 1 1 1 1 1 1 1
1 1 1 1 1 1 1 1 1 1 1 1 1 1 1 1
1 1 1 1 1 1 1 1 1 1 1 1 1 1 1 1
1 1 1 1 1 1 1 1 1 1 1 1 1 1 1 1
1 1 1 1 1 1 1 1 1 1 1 1 1 1 1 1
1 1 1 1 1 1 1 1 1 1 1 1 1 1 1 1
1 1 1 1 1 1 1 1 1 1 1 1 1 1 1 1
1 1 1 1 1 1 1 1 1 1 1 1 1 1 1 1
1 1 1 1 1 1 1 1 1 1 1 1 1 1 1 1
1 1 1 1 1 1 1 1 1 1 1 1 1 1 1 1
1 1 1 1 1 1 1 1 1 1 1 1 1 1 1 1
1 1 1 1 1 1 1 1 1 1 1 1 1 1 1 1
1 1 1 1 1 1 1 1 1 1 1 1 1 1 1 1
1 1 1 1 1 1 1 1 1 1 1 0 1 0 0 0
1 1 1 1 1 1 1 1 1 1 1 0 1 0 0 0
1 1 1 1 1 1 1 1 1 1 1 0 1 0 0 0
1 1 1 1 1 1 1 1 1 1 1 0 1 0 0 0
1 1 1 1 1 1 1 1 1 1 1 0 1 0 0 0
1 1 1 1 1 1 1 1 1 1 1 0 1 0 0 0
1 1 1 1 1 1 1 1 1 1 1 1 1 1 1 1
1 1 1 1 1 1 1 1 1 1 1 0 1 0 0 0
1 1 1 1 1 1 1 1 1 1 1 0 1 0 0 0
1 1 1 1 1 1 1 1 1 1 1 0 1 0 0 0
1 1 1 1 1 1 1 1 1 1 1 0 1 0 0 0
1 1 1 1 1 1 1 1 1 1 1 0 1 0 0 0
1 1 1 1 1 1 1 1 1 1 1 0 1 0 0 0
1 1 1 1 1 1 1 1 1 1 1 0 1 0 0 0
1 1 1 1 1 1 1 1 1 1 1 0 1 0 0 0
1 1 1 1 1 1 1 1 1 1 1 0 1 0 0 0
1 1 1 1 1 1 1 1 1 1 1 1 1 1 1 1
1 1 1 1 1 1 1 1 1 1 1 1 1 1 1 1
1 1 1 1 1 1 1 1 1 1 1 1 1 1 1 1
1 1 1 1 1 1 1 1 1 1 1 1 1 1 1 1
1 1 1 1 1 1 1 1 1 1 1 1 1 1 1 1
1 1 1 1 1 1 1 1 1 1 1 1 1 1 1 1
1 1 1 1 1 1 1 1 1 1 1 1 1 1 1 1
1 1 1 1 1 1 1 1 1 1 1 1 1 1 1 1
1 1 1 1 1 1 1 1 1 1 1 1 1 1 1 1
1 1 1 1 1 1 1 1 1 1 1 1 1 1 1 1
1 1 1 1 1 1 1 1 1 1 1 1 0 1 1 1
1 1 1 1 1 1 1 1 1 1 1 1 1 1 1 0
1 1 1 1 1 1 1 1 1 1 1 1 1 1 1 0
1 1 1 1 1 1 1 1 1 1 1 1 0 1 1 1
1 1 1 1 1 1 1 1 1 1 1 1 1 1 1 1
1 1 1 1 1 1 1 1 1 1 1 1 1 1 1 1
