# Intersection tree filter model
# Format: depth num_features num_targets
# followed by W matrix, B vector, and leaf predictions

8 10 16

# W matrix (num_internal * num_features = 2550 values)
-1.6911455 0.68803227 0.64923012 -0.87843752 -0.11508776 0.68060386 -0.53666931 -1.9564782 0.026722036 0.62172687
1.3006618 0.66909009 -0.70033997 -2.0 -0.42316943 0.73839015 -0.04816696 1.3936172 1.4641805 1.8200002
1.0208582 0.82420492 -1.4936094 0.41593397 -0.64509135 -0.78150427 -1.2303257 0.11655413 0.41832858 -1.2826204
0.85749435 -1.1658682 -0.31471366 1.0660267 -1.9539502 -0.14232233 -0.5574705 0.66732234 0.47108987 -0.76881236
0.82778454 1.999992 -0.29231617 -0.31577766 2.0 1.7834998 -1.9044306 -0.68991828 1.2111309 1.9100001
-1.4996572 0.70157641 0.14733057 -0.076527417 0.50814813 -1.0744411 -1.7750002 1.4945641 1.857457 1.6344903
0.0 0.0 0.0 0.0 0.0 0.0 0.0 0.0 0.0 0.0
1.9273372 -0.1837955 -0.10562165 -0.5462234 -1.7528863 0.71447039 0.76070452 1.2736781 0.57436132 -0.18834698
-1.9999352 -0.15847246 -0.73626447 -0.26190445 0.66884756 -0.19499634 -1.3217618 0.47319373 -0.617998 0.77662724
-1.5083362 0.44509333 -1.5035344 0.4131504 -1.2523384 -0.20145524 0.90162426 -0.34262463 -1.7576983 -0.85161358
-0.043591227 0.32139289 0.13583858 -1.999995 -1.365592 1.6559156 -1.052426 -0.090875924 0.45488164 -0.85762709
-1.4730743 -1.0137953 -0.24332944 0.1497103 -0.93158436 0.80134302 0.94113368 0.83737081 0.89586133 0.76876557
0.65821207 -0.9650566 0.98725826 1.9628923 -0.99299967 -1.3871647 2.0 -1.2571155 0.32784456 -1.927018
0.0 0.0 0.0 0.0 0.0 0.0 0.0 0.0 0.0 0.0
0.0 0.0 0.0 0.0 0.0 0.0 0.0 0.0 0.0 0.0
-0.026721781 1.2657841 1.7255058 -0.64638364 1.8386858 -1.8519496 -2.0 0.57999033 -0.29493004 1.5078917
1.0911175 -1.7197099 -0.64990193 -0.23014373 1.8105197 0.083635241 -0.68473995 -1.9709789 -0.99827486 0.016849136
0.029565077 -0.69924653 -1.8502917 -1.9950382 -1.057761 -0.23690298 -0.76547557 -0.28464633 -1.1411242 -1.2303936
1.3936681 -1.2515162 -0.88814437 -1.0330206 0.67377472 0.057590973 0.63941067 -0.16470313 0.37108624 -1.721908
-0.85528868 0.68088031 1.187063 -1.2434378 -1.8923814 -1.6693183 -0.8517611 0.86235642 2.0 -2.0
0.0 0.0 0.0 0.0 0.0 0.0 0.0 0.0 0.0 0.0
0.60686421 -0.91291279 0.029160935 0.96402031 0.20847513 -2.0 0.8979466 -1.0812707 0.17841437 1.4619468
0.44263315 -0.9893316 1.7659919 0.66704398 -0.9147175 -1.0963674 -1.9786663 1.4159575 -1.9905422 0.036744718
-2.0 -2.0 0.15071404 0.94557554 0.20103528 1.955 1.417058 1.5705293 -1.5213372 -0.070213705
-1.543449 -1.114412 -0.83878291 0.08055643 -0.95643437 0.28832111 -0.88277876 -1.7070639 -1.1813335 0.18445948
0.83456463 0.43904716 -0.77837318 1.5722561 0.035287011 -1.550827 0.024732815 -0.51706529 -0.60914338 0.89855367
0.57301784 -1.9469478 0.28483695 0.57797414 -0.25849539 0.59793884 -1.6596012 -1.1197795 -0.18022491 0.95480543
0.0 0.0 0.0 0.0 0.0 0.0 0.0 0.0 0.0 0.0
0.0 0.0 0.0 0.0 0.0 0.0 0.0 0.0 0.0 0.0
0.0 0.0 0.0 0.0 0.0 0.0 0.0 0.0 0.0 0.0
0.0 0.0 0.0 0.0 0.0 0.0 0.0 0.0 0.0 0.0
0.0 0.0 0.0 0.0 0.0 0.0 0.0 0.0 0.0 0.0
-1.1862705 1.5918076 1.9401399 -0.63405865 -0.12423139 0.47202665 2.0 0.57116848 -1.8442436 0.063893899
-1.0118442 0.47842959 -1.9079779 0.081660114 0.0091346661 -1.56143 0.54421157 -1.9810784 -0.18030652 -0.89348912
0.0 0.0 0.0 0.0 0.0 0.0 0.0 0.0 0.0 0.0
1.7604375 -1.6119925 -1.0414587 1.1742642 -0.26043361 -1.56646 2.0 0.11575502 0.40576547 -0.50350356
0.0 0.0 0.0 0.0 0.0 0.0 0.0 0.0 0.0 0.0
0.50875252 1.5958937 1.8650001 -1.60509 1.5907912 1.0358053 0.86113048 0.47750348 0.089934595 1.5679765
-1.6421891 0.43428183 -0.079497509 1.491088 -0.18466075 -1.955 -1.9998449 1.7328773 0.28716564 -0.22580753
0.52386624 1.9994786 -0.43029085 1.5793563 1.1282139 -1.1536121 1.994332 -0.43455881 -0.10988662 -1.6139429
0.27337095 -0.29140142 -0.39381754 -0.55021131 -1.0568825 0.65791339 1.0756035 1.1439788 -0.86731142 -1.9695548
0.0 0.0 0.0 0.0 0.0 0.0 0.0 0.0 0.0 0.0
0.0 0.0 0.0 0.0 0.0 0.0 0.0 0.0 0.0 0.0
1.9613014 0.25223759 0.71535027 -1.7835995 0.89961213 -0.54561961 0.56325859 0.98257256 -0.78023499 1.2056503
-0.93839508 0.6783393 1.2665511 -0.69913173 0.91029245 -0.023546999 0.69052088 0.83116412 2.0 1.2206994
0.0 0.0 0.0 0.0 0.0 0.0 0.0 0.0 0.0 0.0
1.1046015 -0.10573761 0.042187974 1.0732336 -1.2905614 1.7002466 -2.0 1.9274468 0.084040649 0.028781615
1.1356857 0.80607939 -1.3125094 0.15225059 0.33819976 -0.34965274 1.0838481 -0.90622634 -1.5419399 0.4036642
-0.99801993 0.74179775 1.6956466 -0.14740612 -0.035219986 1.4598038 1.5812058 1.2589326 -0.22557546 -1.0052291
0.095638804 1.8681995 1.6213951 1.6082897 1.8659762 -0.26529887 -1.9921879 1.4191252 1.9497546 1.896601
-0.76766926 1.724171 -1.1250417 -0.68786478 1.459873 -1.3965884 1.9643769 -1.2039074 0.13884452 0.12418111
-1.9948846 -0.022349533 0.043394234 1.1905972 0.63737631 1.4457899 0.99560165 -0.6068266 -0.66352844 2.0
-1.1799914 0.63989305 1.6789403 -0.11527351 -0.71809483 0.3114095 1.0710965 1.2871876 -0.026736464 -1.9875145
-1.3020834 -1.5075144 0.61423272 -1.0702374 -0.091708489 -1.9957244 -1.1562448 -0.26306966 -1.0438983 -0.42818061
0.8798877 -1.0564407 -0.42949 0.14126353 1.7254095 0.57080758 -1.9998106 0.22819343 -0.1075616 0.35500553
0.0 0.0 0.0 0.0 0.0 0.0 0.0 0.0 0.0 0.0
0.0 0.0 0.0 0.0 0.0 0.0 0.0 0.0 0.0 0.0
0.0 0.0 0.0 0.0 0.0 0.0 0.0 0.0 0.0 0.0
0.0 0.0 0.0 0.0 0.0 0.0 0.0 0.0 0.0 0.0
0.0 0.0 0.0 0.0 0.0 0.0 0.0 0.0 0.0 0.0
0.0 0.0 0.0 0.0 0.0 0.0 0.0 0.0 0.0 0.0
0.0 0.0 0.0 0.0 0.0 0.0 0.0 0.0 0.0 0.0
0.0 0.0 0.0 0.0 0.0 0.0 0.0 0.0 0.0 0.0
0.0 0.0 0.0 0.0 0.0 0.0 0.0 0.0 0.0 0.0
0.0 0.0 0.0 0.0 0.0 0.0 0.0 0.0 0.0 0.0
-1.4402689 1.2679831 -0.50706327 -0.38335228 -0.76510602 -1.9964118 1.7743533 -1.9434519 -1.9974126 0.59538609
1.6187156 1.9458574 -1.9757023 0.60347497 0.80806595 0.10509211 1.1648104 0.70746452 1.7792225 -0.46479464
1.7481008 -0.30144089 -0.12070824 0.069812022 0.19867316 -2.0 0.44392961 -0.44783092 -1.0079443 -1.3231338
0.0 0.0 0.0 0.0 0.0 0.0 0.0 0.0 0.0 0.0
0.0 0.0 0.0 0.0 0.0 0.0 0.0 0.0 0.0 0.0
0.0 0.0 0.0 0.0 0.0 0.0 0.0 0.0 0.0 0.0
-0.29865861 -1.1822525 -1.5446411 1.1641771 0.21283534 1.0846447 0.026323171 -0.55622184 -1.7951052 -0.65620637
0.11205852 0.47233582 -0.513111 1.9100001 1.7238966 0.88325673 1.0318635 -1.2417271 0.53144193 1.6754782
0.0 0.0 0.0 0.0 0.0 0.0 0.0 0.0 0.0 0.0
0.0 0.0 0.0 0.0 0.0 0.0 0.0 0.0 0.0 0.0
0.59383529 -1.9989789 -0.98723978 -0.20179531 -1.4441483 0.16489646 -0.14183667 -0.63452613 1.8097626 0.63566619
1.8463866 -1.4174459 -0.22193183 -0.52262849 1.4598666 0.045233384 0.69646955 0.64510322 0.61883467 -1.8367379
-1.5020373 1.1107837 1.3444376 1.5939188 -1.0274289 -0.99816674 1.5224406 -0.13667884 0.73455048 1.2199119
-1.1219617 -1.4636621 0.70215219 0.22422796 -1.2462947 -0.99948883 -1.4469444 -0.06360735 -1.3256464 0.83038867
0.1010749 -1.1706132 -0.77950931 -0.61800671 0.4465878 -2.0 0.82560897 -1.9597999 -1.4282857 0.67370826
0.77292842 1.8375401 -1.9566433 2.0 -0.79473895 0.34843594 1.5821176 -0.31551683 1.9409555 1.1213259
-0.58019626 -0.67734551 0.80770928 0.066174306 0.50872755 -1.9934856 -1.1767828 1.9333354 1.5176886 0.91260195
0.3789252 -0.85548353 -0.41133833 0.31622323 0.24638036 0.45646656 0.70444191 -0.98538601 0.46377018 -1.8444605
0.0 0.0 0.0 0.0 0.0 0.0 0.0 0.0 0.0 0.0
0.0 0.0 0.0 0.0 0.0 0.0 0.0 0.0 0.0 0.0
0.0 0.0 0.0 0.0 0.0 0.0 0.0 0.0 0.0 0.0
0.0 0.0 0.0 0.0 0.0 0.0 0.0 0.0 0.0 0.0
0.0 0.0 0.0 0.0 0.0 0.0 0.0 0.0 0.0 0.0
1.0047177 2.0 -1.9922099 0.96883172 -1.7022904 -0.022971306 0.43643969 1.8901291 -1.3371115 0.73574424
1.8839689 -0.62980527 0.058751192 -0.96943116 0.48302573 -0.55694556 -0.12264457 -1.615761 -0.356307 0.14604704
0.55718964 1.9999976 -0.287545 0.36947885 -0.41578239 -0.39960447 -1.3792708 -0.063253812 -2.0 0.17724334
0.0 0.0 0.0 0.0 0.0 0.0 0.0 0.0 0.0 0.0
0.0 0.0 0.0 0.0 0.0 0.0 0.0 0.0 0.0 0.0
0.0 0.0 0.0 0.0 0.0 0.0 0.0 0.0 0.0 0.0
-0.3480314 1.233734 -0.52236694 -0.75217015 1.4950491 1.1140125 0.78262204 0.61173844 -2.0 -0.062433448
-0.48078328 1.3957927 -0.14775242 -0.67898488 0.23209679 -1.277192 1.9504051 -0.35029081 1.0983334 -0.8288576
0.0 0.0 0.0 0.0 0.0 0.0 0.0 0.0 0.0 0.0
0.0 0.0 0.0 0.0 0.0 0.0 0.0 0.0 0.0 0.0
0.65421784 1.7983184 0.055055447 0.59972125 -0.84888846 0.34014106 1.48972 0.30028129 -0.15898912 -0.026655391
0.0 0.0 0.0 0.0 0.0 0.0 0.0 0.0 0.0 0.0
1.9463345 -0.68324804 0.29712704 -1.8799238 -0.24151526 -0.69971281 -0.32473135 0.19238648 -0.53714305 0.23840879
1.5982437 0.25751001 0.89261985 -0.053088274 -0.0086415689 0.19088836 -0.72758573 -0.15900564 -1.0973706 1.9856389
0.0 0.0 0.0 0.0 0.0 0.0 0.0 0.0 0.0 0.0
0.0 0.0 0.0 0.0 0.0 0.0 0.0 0.0 0.0 0.0
1.3726085 -2.0 1.9879855 0.23753944 1.0922983 -1.9870543 0.26960066 -0.22352275 0.59499162 -1.0897582
1.2095486 1.7138025 1.1857651 0.6516307 1.6251563 0.89014482 -0.063711964 1.4660907 0.36270165 -0.23176619
-0.10049184 -1.5171365 -1.8610755 -0.048243947 1.0957135 1.3289212 -0.51622993 -0.23531307 1.8592333 -0.60049576
-2.0 0.49469745 0.83434117 -0.63651335 -0.70700973 0.2709344 0.89096785 -1.6870067 0.21266834 -1.4310108
0.89624077 1.7222722 -0.34845501 0.51619887 -2.0 -0.48646241 -0.26299551 1.6046088 -1.1240166 -0.93619889
0.8933357 0.085166432 -0.45740068 -0.14803641 1.0327419 -0.56447512 1.3839892 -0.57993954 1.567783 0.59044278
1.214147 0.81169206 -1.9129163 2.0 0.070726328 0.35036904 0.20500655 1.6368661 -1.8514034 -1.8940818
0.0 0.0 0.0 0.0 0.0 0.0 0.0 0.0 0.0 0.0
0.0 0.0 0.0 0.0 0.0 0.0 0.0 0.0 0.0 0.0
0.0 0.0 0.0 0.0 0.0 0.0 0.0 0.0 0.0 0.0
0.0 0.0 0.0 0.0 0.0 0.0 0.0 0.0 0.0 0.0
0.0 0.0 0.0 0.0 0.0 0.0 0.0 0.0 0.0 0.0
0.0 0.0 0.0 0.0 0.0 0.0 0.0 0.0 0.0 0.0
0.0 0.0 0.0 0.0 0.0 0.0 0.0 0.0 0.0 0.0
0.0 0.0 0.0 0.0 0.0 0.0 0.0 0.0 0.0 0.0
0.0 0.0 0.0 0.0 0.0 0.0 0.0 0.0 0.0 0.0
0.0 0.0 0.0 0.0 0.0 0.0 0.0 0.0 0.0 0.0
0.0 0.0 0.0 0.0 0.0 0.0 0.0 0.0 0.0 0.0
0.0 0.0 0.0 0.0 0.0 0.0 0.0 0.0 0.0 0.0
0.0 0.0 0.0 0.0 0.0 0.0 0.0 0.0 0.0 0.0
0.0 0.0 0.0 0.0 0.0 0.0 0.0 0.0 0.0 0.0
0.0 0.0 0.0 0.0 0.0 0.0 0.0 0.0 0.0 0.0
0.0 0.0 0.0 0.0 0.0 0.0 0.0 0.0 0.0 0.0
0.0 0.0 0.0 0.0 0.0 0.0 0.0 0.0 0.0 0.0
0.0 0.0 0.0 0.0 0.0 0.0 0.0 0.0 0.0 0.0
0.0 0.0 0.0 0.0 0.0 0.0 0.0 0.0 0.0 0.0
0.0 0.0 0.0 0.0 0.0 0.0 0.0 0.0 0.0 0.0
2.0 -0.028941777 -1.3627704 -0.77454728 -1.0314741 -0.34076059 -1.5783397 -0.63567632 -0.59623408 -1.7751071
0.0 0.0 0.0 0.0 0.0 0.0 0.0 0.0 0.0 0.0
1.5952795 -0.53188866 -1.0808786 0.10048404 -1.9962215 1.5124573 1.9999745 2.0 -0.71149588 -0.14371157
0.0 0.0 0.0 0.0 0.0 0.0 0.0 0.0 0.0 0.0
0.0 0.0 0.0 0.0 0.0 0.0 0.0 0.0 0.0 0.0
1.2765672 1.9231182 0.6610921 0.11344991 1.4696912 -1.4197633 1.1564705 -0.52823073 -0.51830572 -2.0
0.0 0.0 0.0 0.0 0.0 0.0 0.0 0.0 0.0 0.0
0.0 0.0 0.0 0.0 0.0 0.0 0.0 0.0 0.0 0.0
0.0 0.0 0.0 0.0 0.0 0.0 0.0 0.0 0.0 0.0
0.0 0.0 0.0 0.0 0.0 0.0 0.0 0.0 0.0 0.0
0.0 0.0 0.0 0.0 0.0 0.0 0.0 0.0 0.0 0.0
0.0 0.0 0.0 0.0 0.0 0.0 0.0 0.0 0.0 0.0
0.39931667 0.16761787 -1.0313431 0.39162794 -1.6072546 -0.063729346 0.39714429 -1.6791023 0.096647702 -1.8575402
0.66571856 -0.026940521 -0.14489508 -1.5383234 0.26126349 0.49208876 -0.015239876 0.068199269 -0.39663321 0.022195047
0.36645874 0.40749353 -1.9967849 -2.0 1.4136199 0.2855323 -0.45079204 0.0035699212 -1.989045 1.7988889
0.19699651 0.12297764 -0.12819184 1.1468227 -0.34752092 0.59839773 -0.27079624 0.3555088 1.121388 1.0652879
0.0 0.0 0.0 0.0 0.0 0.0 0.0 0.0 0.0 0.0
0.0 0.0 0.0 0.0 0.0 0.0 0.0 0.0 0.0 0.0
0.0 0.0 0.0 0.0 0.0 0.0 0.0 0.0 0.0 0.0
0.0 0.0 0.0 0.0 0.0 0.0 0.0 0.0 0.0 0.0
1.0840446 0.71149105 -1.9975965 0.26327965 -1.8423294 -0.66842204 2.0 2.0 0.0066988566 1.6003489
0.0 0.0 0.0 0.0 0.0 0.0 0.0 0.0 0.0 0.0
0.0 0.0 0.0 0.0 0.0 0.0 0.0 0.0 0.0 0.0
-0.11059026 -1.1346191 1.8653406 -0.07535696 -1.4145453 0.20387465 -1.5670277 -0.0011775717 1.3385806 -0.20116974
-1.1008469 -0.38704038 -2.0 0.34341162 -1.7364047 -1.1787366 0.27436146 -0.86854076 -1.1088852 0.6164372
0.0 0.0 0.0 0.0 0.0 0.0 0.0 0.0 0.0 0.0
0.0 0.0 0.0 0.0 0.0 0.0 0.0 0.0 0.0 0.0
0.32474279 0.3643328 -1.4962956 -0.46434706 -0.0062432238 -0.50300974 1.1756314 -1.956243 -0.45789948 1.2188706
0.0 0.0 0.0 0.0 0.0 0.0 0.0 0.0 0.0 0.0
0.0 0.0 0.0 0.0 0.0 0.0 0.0 0.0 0.0 0.0
-0.90769398 1.1726372 -1.9421593 -0.25415492 -1.4021304 1.5689621 0.59165239 1.3400291 -1.9879794 -1.2327979
2.0 0.12896608 -0.6906147 0.014296484 1.4375379 -1.193139 -1.2278552 0.076042749 0.12926087 -1.4630471
0.0 0.0 0.0 0.0 0.0 0.0 0.0 0.0 0.0 0.0
0.0 0.0 0.0 0.0 0.0 0.0 0.0 0.0 0.0 0.0
-0.19991933 1.695272 -1.6325388 -0.28722498 0.35376877 0.32053587 -1.0593545 -0.72238469 1.5482854 1.9985106
0.0 0.0 0.0 0.0 0.0 0.0 0.0 0.0 0.0 0.0
0.0 0.0 0.0 0.0 0.0 0.0 0.0 0.0 0.0 0.0
0.0 0.0 0.0 0.0 0.0 0.0 0.0 0.0 0.0 0.0
0.0 0.0 0.0 0.0 0.0 0.0 0.0 0.0 0.0 0.0
0.0 0.0 0.0 0.0 0.0 0.0 0.0 0.0 0.0 0.0
0.0 0.0 0.0 0.0 0.0 0.0 0.0 0.0 0.0 0.0
0.0 0.0 0.0 0.0 0.0 0.0 0.0 0.0 0.0 0.0
0.0 0.0 0.0 0.0 0.0 0.0 0.0 0.0 0.0 0.0
0.0 0.0 0.0 0.0 0.0 0.0 0.0 0.0 0.0 0.0
0.0 0.0 0.0 0.0 0.0 0.0 0.0 0.0 0.0 0.0
0.0 0.0 0.0 0.0 0.0 0.0 0.0 0.0 0.0 0.0
0.66148913 -1.6023086 -1.5026598 -1.1360154 -1.7217832 0.24559999 1.8928919 1.3834883 -0.26393414 -0.25945389
1.3084046 -0.2246079 0.71587569 2.0 1.3366029 -0.088766001 0.63199574 1.1308265 -1.999774 -1.130087
-1.995486 -0.17581813 -0.29399663 0.33732536 -0.22673626 1.9372305 -0.01497645 -1.5766913 1.8712128 1.1152263
1.6192594 0.29982921 -1.032918 1.9999853 -0.40418398 0.36446804 -0.04627683 -1.0346158 -0.74420315 -1.9804235
0.83958572 2.0 0.12330939 -1.6245497 2.0 -1.5439548 -1.5855312 -0.031580124 0.6183632 -0.22387685
0.23986024 -0.27159661 1.3865006 -0.036049105 -1.2037895 -1.9977398 1.9999707 0.45620173 1.7580965 0.57048458
0.0 0.0 0.0 0.0 0.0 0.0 0.0 0.0 0.0 0.0
0.0 0.0 0.0 0.0 0.0 0.0 0.0 0.0 0.0 0.0
0.0 0.0 0.0 0.0 0.0 0.0 0.0 0.0 0.0 0.0
0.0 0.0 0.0 0.0 0.0 0.0 0.0 0.0 0.0 0.0
0.0 0.0 0.0 0.0 0.0 0.0 0.0 0.0 0.0 0.0
0.0 0.0 0.0 0.0 0.0 0.0 0.0 0.0 0.0 0.0
-0.059380643 -0.36960438 -1.8782653 -0.52140754 0.30841705 -0.32127973 -0.33011952 -1.9615383 0.65220392 1.4249015
0.7104795 -1.504634 1.6035755 1.48183 0.56184709 0.47396424 1.9912307 -0.60896927 -1.3935781 -1.3664061
-1.9631838 -1.8185775 -0.73696458 -0.86925775 1.5564728 1.9971889 -0.87973517 1.1090221 0.52742893 -1.9962153
0.0 0.0 0.0 0.0 0.0 0.0 0.0 0.0 0.0 0.0
0.0 0.0 0.0 0.0 0.0 0.0 0.0 0.0 0.0 0.0
0.0 0.0 0.0 0.0 0.0 0.0 0.0 0.0 0.0 0.0
0.0 0.0 0.0 0.0 0.0 0.0 0.0 0.0 0.0 0.0
0.0 0.0 0.0 0.0 0.0 0.0 0.0 0.0 0.0 0.0
-0.24608368 0.37013882 -0.96971124 -0.13038048 0.35285968 -1.9384028 1.8452814 0.69536978 -1.5311543 0.82115465
1.1200994 -0.70884198 0.70709962 0.29867917 -1.044353 2.0 -1.000006 -0.031670921 0.11558158 1.5728654
0.0 0.0 0.0 0.0 0.0 0.0 0.0 0.0 0.0 0.0
0.0 0.0 0.0 0.0 0.0 0.0 0.0 0.0 0.0 0.0
-0.0080719441 0.41862828 -1.7750002 1.9481978 1.9100001 2.0 -0.78993368 0.49738938 0.63812691 0.93665206
0.15655047 -0.45041716 0.21596934 -0.11284511 1.1956655 0.15304272 1.1571238 -1.3501166 1.8901817 1.9824383
0.0 0.0 0.0 0.0 0.0 0.0 0.0 0.0 0.0 0.0
1.8088275 -0.24156769 0.36804077 1.9993942 -1.259876 -0.71464372 -0.97379732 0.86722565 -0.25889832 -1.9905025
0.0 0.0 0.0 0.0 0.0 0.0 0.0 0.0 0.0 0.0
0.0 0.0 0.0 0.0 0.0 0.0 0.0 0.0 0.0 0.0
0.0 0.0 0.0 0.0 0.0 0.0 0.0 0.0 0.0 0.0
0.0 0.0 0.0 0.0 0.0 0.0 0.0 0.0 0.0 0.0
0.33479586 -1.9934207 1.4806942 -1.2739863 -0.97747958 1.8784084 -0.69919133 0.67979956 1.7816509 -0.063220784
0.0 0.0 0.0 0.0 0.0 0.0 0.0 0.0 0.0 0.0
0.0 0.0 0.0 0.0 0.0 0.0 0.0 0.0 0.0 0.0
-0.23992652 -2.0 1.9861631 -1.2071631 0.884857 1.2335258 -1.8510046 -1.2710927 -0.7986176 0.053516995
-0.52526271 -1.9204195 0.647385 0.60701066 -0.56123936 0.52992618 0.94845605 -0.99084038 -0.77805614 -0.97629261
0.0 0.0 0.0 0.0 0.0 0.0 0.0 0.0 0.0 0.0
0.5025323 1.9883245 1.9900328 0.26433682 -0.87180561 -0.39722037 0.60103095 1.2942827 0.82647115 -1.5753306
-0.82853603 -0.50213748 1.2436858 0.54219997 -0.12417471 -0.58434677 -0.1781313 -0.49854565 -0.34593084 -1.067872
0.63629335 -0.50472122 -0.84691381 0.087933242 0.28953961 -1.3713012 1.8636829 -0.72154438 0.59642887 -0.63615465
0.11713722 1.782041 1.3865614 -0.066235274 0.83960766 2.0 -1.9360152 1.7559574 -1.4508394 2.0
-1.1797748 0.14631051 -0.90361971 1.2266113 -1.4930686 0.44244796 -0.41510028 1.0474923 -1.5692278 -0.082533136
1.0177115 -0.49966908 -1.3297625 1.0533735 1.5448711 2.0 1.1661868 1.3564686 -1.902079 -1.5922755
-1.955286 -1.1883574 -0.63957298 -0.86728227 1.1890227 0.69010258 1.3099452 2.0 0.08546257 1.1237186
0.0 0.0 0.0 0.0 0.0 0.0 0.0 0.0 0.0 0.0
0.0 0.0 0.0 0.0 0.0 0.0 0.0 0.0 0.0 0.0
0.0 0.0 0.0 0.0 0.0 0.0 0.0 0.0 0.0 0.0
0.0 0.0 0.0 0.0 0.0 0.0 0.0 0.0 0.0 0.0
0.0 0.0 0.0 0.0 0.0 0.0 0.0 0.0 0.0 0.0
0.0 0.0 0.0 0.0 0.0 0.0 0.0 0.0 0.0 0.0
0.0 0.0 0.0 0.0 0.0 0.0 0.0 0.0 0.0 0.0
0.0 0.0 0.0 0.0 0.0 0.0 0.0 0.0 0.0 0.0
0.0 0.0 0.0 0.0 0.0 0.0 0.0 0.0 0.0 0.0
0.0 0.0 0.0 0.0 0.0 0.0 0.0 0.0 0.0 0.0
0.0 0.0 0.0 0.0 0.0 0.0 0.0 0.0 0.0 0.0
0.0 0.0 0.0 0.0 0.0 0.0 0.0 0.0 0.0 0.0
0.0 0.0 0.0 0.0 0.0 0.0 0.0 0.0 0.0 0.0
0.0 0.0 0.0 0.0 0.0 0.0 0.0 0.0 0.0 0.0
0.0 0.0 0.0 0.0 0.0 0.0 0.0 0.0 0.0 0.0
0.0 0.0 0.0 0.0 0.0 0.0 0.0 0.0 0.0 0.0
0.0 0.0 0.0 0.0 0.0 0.0 0.0 0.0 0.0 0.0
0.0 0.0 0.0 0.0 0.0 0.0 0.0 0.0 0.0 0.0
0.0 0.0 0.0 0.0 0.0 0.0 0.0 0.0 0.0 0.0
0.0 0.0 0.0 0.0 0.0 0.0 0.0 0.0 0.0 0.0
0.0 0.0 0.0 0.0 0.0 0.0 0.0 0.0 0.0 0.0
0.0 0.0 0.0 0.0 0.0 0.0 0.0 0.0 0.0 0.0
0.0 0.0 0.0 0.0 0.0 0.0 0.0 0.0 0.0 0.0
0.0 0.0 0.0 0.0 0.0 0.0 0.0 0.0 0.0 0.0
0.0 0.0 0.0 0.0 0.0 0.0 0.0 0.0 0.0 0.0
0.0 0.0 0.0 0.0 0.0 0.0 0.0 0.0 0.0 0.0
0.0 0.0 0.0 0.0 0.0 0.0 0.0 0.0 0.0 0.0
0.0 0.0 0.0 0.0 0.0 0.0 0.0 0.0 0.0 0.0
0.0 0.0 0.0 0.0 0.0 0.0 0.0 0.0 0.0 0.0
0.0 0.0 0.0 0.0 0.0 0.0 0.0 0.0 0.0 0.0
0.0 0.0 0.0 0.0 0.0 0.0 0.0 0.0 0.0 0.0
0.0 0.0 0.0 0.0 0.0 0.0 0.0 0.0 0.0 0.0
0.0 0.0 0.0 0.0 0.0 0.0 0.0 0.0 0.0 0.0

# B vector (num_internal = 255 values)
0.77075636 0.82201064 0.18825045 0.83285946 0.44584376 -0.46095526 -1.0 -0.61781102 0.37569392 0.59049779
1.0 0.70591873 -0.2163146 -1.0 -1.0 -0.63777596 0.45722663 0.25552309 -0.82697511 0.21422805
-1.0 0.44682875 -0.63587284 -0.9979015 -0.45331427 0.17779204 -0.048103087 -1.0 -1.0 -1.0
-1.0 -1.0 -0.99991167 -0.20838696 -1.0 0.64964128 -1.0 0.10311833 -0.58212769 -0.78189957
0.24808665 -1.0 -1.0 0.95884955 -0.56127602 -1.0 0.20600267 0.36511853 -0.47108406 0.87652141
0.13132343 -0.17145902 -0.19858806 -0.24169259 0.23118757 -1.0 -1.0 -1.0 -1.0 -1.0
-1.0 -1.0 -1.0 -1.0 -1.0 -0.42754683 0.10673249 0.83809882 -1.0 -1.0
-1.0 0.28699988 -0.19131054 -1.0 -1.0 -0.4021638 0.58249271 -1.0 -0.012365337 1.0
0.035057966 -0.45355755 0.11165412 -1.0 -1.0 -1.0 -1.0 -1.0 -0.028681608 0.26162073
-0.004588922 -1.0 -1.0 -1.0 0.94536126 -0.2680639 -1.0 -1.0 -0.087702885 -1.0
-0.72631317 0.43107376 -1.0 -1.0 -0.59857547 0.34834737 -0.9847362 0.28756642 -0.95976305 0.07907933
-0.58401239 -1.0 -1.0 -1.0 -1.0 -1.0 -1.0 -1.0 -1.0 -1.0
-1.0 -1.0 -1.0 -1.0 -1.0 -1.0 -1.0 -1.0 -1.0 -1.0
-1.0 0.99999779 -1.0 1.0 -1.0 -1.0 -0.024294952 -1.0 -1.0 -1.0
-1.0 -1.0 -1.0 0.79273695 0.050909959 0.29258278 -0.25032511 -1.0 -1.0 -1.0
-1.0 -0.99412316 -1.0 -1.0 -0.08010383 -0.25800037 -1.0 -1.0 0.94921225 -1.0
-1.0 -0.96830738 -0.21862791 -1.0 -1.0 -0.65816838 -1.0 -1.0 -1.0 -1.0
-1.0 -1.0 -1.0 -1.0 -1.0 -1.0 -1.0 -0.98985904 -0.99903715 0.88617414
0.90493679 0.44715819 -0.95989257 -1.0 -1.0 -1.0 -1.0 -1.0 -1.0 0.30638754
0.72577727 -0.85795695 -1.0 -1.0 -1.0 -1.0 -1.0 -0.84171873 -0.1642841 -1.0
-1.0 0.55954707 -0.28645965 -1.0 -0.15799195 -1.0 -1.0 -1.0 -1.0 0.71170968
-1.0 -1.0 0.57939446 0.68674338 -1.0 -1.0 0.8816815 0.98445153 -0.41159511 0.89987403
-0.22632825 0.14836551 -1.0 -1.0 -1.0 -1.0 -1.0 -1.0 -1.0 -1.0
-1.0 -1.0 -1.0 -1.0 -1.0 -1.0 -1.0 -1.0 -1.0 -1.0
-1.0 -1.0 -1.0 -1.0 -1.0 -1.0 -1.0 -1.0 -1.0 -1.0
-1.0 -1.0 -1.0 -1.0 -1.0

# Leaf predictions (num_leaves * num_targets = 4096 values)
1 1 1 1 1 1 1 1 1 1 1 1 1 1 1 1
1 1 1 1 1 1 1 1 1 1 1 1 1 1 1 1
1 1 1 1 1 1 1 1 1 1 1 1 1 1 1 1
1 1 1 1 1 1 1 1 1 1 1 1 1 1 1 1
1 1 1 1 1 1 1 1 1 1 1 1 1 1 1 1
1 1 1 1 1 1 1 1 1 1 1 1 1 1 1 1
1 1 1 1 1 1 1 1 1 1 1 1 1 1 1 1
1 1 1 1 1 1 1 1 1 1 1 1 1 1 1 1
0 1 0 0 1 1 1 1 1 1 1 1 1 1 1 1
1 1 1 1 1 1 1 1 1 1 1 1 1 1 1 1
1 1 1 1 1 1 1 1 1 1 1 1 1 1 1 1
1 1 1 1 1 1 1 1 1 1 1 1 1 1 1 1
1 1 0 0 1 1 1 0 1 1 1 1 1 1 1 0
0 0 0 0 1 0 0 0 1 1 0 0 1 1 1 0
1 1 1 1 1 1 1 1 1 1 1 1 1 1 1 1
1 1 1 1 1 1 1 1 1 1 1 1 1 1 1 1
0 0 0 0 0 0 0 0 0 0 0 0 0 0 0 0
1 1 1 1 1 1 1 1 1 1 1 1 1 1 1 1
1 1 1 1 1 1 1 1 1 1 1 1 1 1 1 1
1 1 0 0 1 1 1 0 1 1 1 1 1 1 0 0
1 1 1 1 1 1 1 1 1 1 1 1 1 1 1 1
1 1 1 1 1 1 1 1 1 1 1 1 1 1 1 1
1 1 1 1 1 1 1 1 1 1 1 1 1 1 1 1
1 1 1 1 1 1 1 1 1 1 1 1 1 1 1 1
1 1 1 1 1 1 1 1 1 1 1 1 1 1 1 1
1 1 1 1 1 1 1 1 1 1 1 1 1 1 1 1
1 1 1 1 1 1 1 1 1 1 1 1 1 1 1 1
1 1 1 1 1 1 1 1 1 1 1 1 1 1 1 1
1 1 1 1 1 1 1 1 1 1 1 1 1 1 1 1
1 1 1 1 1 1 1 1 1 1 1 1 1 1 1 1
1 1 1 1 1 1 1 1 1 1 1 1 1 1 1 1
1 1 1 1 1 1 1 1 1 1 1 1 1 1 1 1
1 1 0 0 1 1 1 0 1 1 1 1 1 1 1 0
1 1 1 1 1 1 1 1 1 1 1 1 1 1 1 1
0 0 0 0 0 0 0 0 1 0 0 0 1 0 0 0
0 0 0 0 0 0 0 0 1 1 0 0 1 1 1 0
1 0 0 0 1 1 0 0 1 1 1 1 1 1 0 0
1 1 1 1 1 1 1 1 1 1 1 1 1 1 1 1
0 0 0 0 0 0 0 0 1 0 0 0 1 1 0 0
1 1 1 0 1 1 1 1 1 1 1 1 1 1 1 1
1 1 1 1 1 1 1 1 1 1 1 1 1 1 1 1
1 1 1 1 1 1 1 1 1 1 1 1 1 1 1 1
1 1 1 1 1 1 1 1 1 1 1 1 1 1 1 1
1 1 1 1 1 1 1 1 1 1 1 1 1 1 1 1
1 1 1 1 1 1 1 1 1 1 1 1 1 1 1 1
1 1 1 1 1 1 1 1 1 1 1 1 1 1 1 1
1 1 1 1 1 1 1 1 1 1 1 1 1 1 1 1
1 1 1 1 1 1 1 1 1 1 1 1 1 1 1 1
1 1 0 0 1 1 1 1 1 1 1 1 1 1 1 1
1 1 1 1 1 1 1 1 1 1 1 1 1 1 1 1
1 1 1 1 1 1 1 1 1 1 1 1 1 1 1 1
1 1 1 1 1 1 1 1 1 1 1 1 1 1 1 1
1 1 1 1 1 1 1 1 1 1 1 1 1 1 1 1
1 1 1 1 1 1 1 1 1 1 1 1 1 1 1 1
1 1 0 0 1 1 1 1 1 1 1 1 1 1 1 1
1 0 0 0 1 1 0 0 1 1 1 1 1 1 1 1
0 0 0 0 0 0 0 0 0 0 0 0 0 0 0 0
1 1 1 1 1 1 1 1 1 1 1 1 1 1 1 1
1 1 1 1 1 1 1 1 1 1 1 1 1 1 1 1
1 1 1 1 1 1 1 1 1 1 1 1 1 1 1 1
0 0 0 0 0 0 0 0 0 0 0 0 0 0 0 0
1 1 1 1 1 1 1 1 1 1 1 1 1 1 1 1
0 0 0 0 0 0 0 0 0 0 0 0 0 0 0 0
1 1 1 1 1 1 1 1 1 1 1 1 1 1 1 1
0 0 0 0 0 0 0 0 0 0 1 0 0 0 0 0
1 1 1 1 1 1 1 1 1 1 1 1 1 1 1 1
1 1 1 1 1 1 1 1 1 1 1 1 1 1 1 1
1 1 1 1 1 1 1 1 1 1 1 1 1 1 1 1
0 0 0 0 0 0 0 0 0 0 0 0 0 0 0 0
1 1 1 1 1 1 1 1 1 1 1 1 1 1 1 1
1 1 1 1 1 1 1 1 1 1 1 1 1 1 1 1
0 0 0 0 0 0 0 0 0 0 0 0 0 0 0 0
1 1 1 1 1 1 1 1 1 1 1 1 1 1 1 1
1 1 1 1 1 1 1 1 1 1 1 1 1 1 1 1
1 1 0 0 1 1 0 0 1 0 0 0 0 0 0 0
1 1 1 1 1 1 1 1 1 1 1 1 1 1 1 1
0 0 0 0 0 0 0 0 1 1 1 0 0 0 0 0
1 1 1 1 1 1 1 1 1 1 1 1 1 1 1 1
1 1 1 1 1 1 1 1 1 1 1 1 1 1 1 1
1 1 1 1 1 1 1 1 1 1 1 1 1 1 1 1
1 1 1 1 1 1 1 1 1 1 1 1 1 1 1 1
1 1 1 1 1 1 1 1 1 1 1 1 1 1 1 1
1 1 1 1 1 1 1 1 1 1 1 1 1 1 1 1
1 1 1 1 1 1 1 1 1 1 1 1 1 1 1 1
1 1 1 1 1 1 1 1 1 1 1 1 1 1 1 1
1 1 1 1 1 1 1 1 1 1 1 1 1 1 1 1
1 1 1 1 1 1 1 1 1 1 1 1 1 1 1 1
1 1 1 1 1 1 1 1 1 1 1 1 1 1 1 1
1 1 1 1 1 1 1 1 1 1 1 1 1 1 1 1
1 1 1 1 1 1 1 1 1 1 1 1 1 1 1 1
1 1 1 1 1 1 1 1 1 1 1 1 1 1 1 1
1 1 1 1 1 1 1 1 1 1 1 1 1 1 1 1
1 1 1 1 1 1 1 1 1 1 1 1 1 1 1 1
1 1 1 1 1 1 1 1 1 1 1 1 1 1 1 1
1 1 1 1 1 1 1 1 1 1 1 1 1 1 1 1
1 1 1 1 1 1 1 1 1 1 1 1 1 1 1 1
1 1 1 1 1 1 1 1 1 1 1 1 1 1 1 1
1 1 1 1 1 1 1 1 1 1 1 1 1 1 1 1
1 1 1 1 1 1 1 1 1 1 1 1 1 1 1 1
1 1 1 1 1 1 1 1 1 1 1 1 1 1 1 1
1 1 0 0 1 1 1 0 1 1 1 1 1 1 1 1
1 1 1 1 1 1 1 1 1 1 1 1 1 1 1 1
1 1 1 1 1 1 1 1 1 1 1 1 1 1 1 1
1 1 0 0 1 1 1 0 1 1 1 1 1 1 0 0
0 0 0 0 1 0 0 0 1 1 1 0 1 1 0 0
1 1 1 1 1 1 1 1 1 1 1 1 1 1 1 1
1 0 0 0 1 1 0 0 1 1 1 0 0 1 1 1
1 0 0 0 1 1 0 0 1 1 1 1 1 1 1 1
0 0 0 0 0 0 0 0 0 1 0 0 0 0 0 0
1 1 1 1 1 1 1 1 1 1 1 1 1 1 1 1
1 1 1 1 1 1 1 1 1 1 1 1 1 1 1 1
1 1 0 0 1 0 1 0 0 0 0 0 0 0 0 0
1 1 1 1 1 1 1 1 1 1 1 1 1 1 1 1
1 1 1 1 1 1 1 1 1 1 1 1 1 1 1 1
1 1 1 1 1 1 1 1 1 1 1 1 1 1 1 1
1 1 1 1 1 1 1 1 1 1 1 1 1 1 1 1
1 1 1 1 1 1 1 1 1 1 1 1 1 1 1 1
1 1 1 1 1 1 1 1 1 1 1 1 1 1 1 1
1 1 1 1 1 1 1 1 1 1 1 1 1 1 1 1
1 1 1 1 1 1 1 1 1 1 1 1 1 1 1 1
1 1 1 1 1 1 1 1 1 1 1 1 1 1 1 1
1 1 1 1 1 1 1 1 1 1 1 1 1 1 1 1
1 1 1 1 1 1 1 1 1 1 1 1 1 1 1 1
1 1 1 1 1 1 1 1 1 1 1 1 1 1 1 1
1 0 0 0 1 1 0 0 1 1 0 0 1 0 0 0
1 1 1 1 1 1 1 1 1 1 1 1 1 1 1 1
1 1 1 1 1 1 1 1 1 1 1 1 1 1 1 1
1 1 0 0 1 1 1 0 1 1 1 1 1 1 1 0
1 1 0 0 1 1 1 1 0 1 1 1 0 0 1 1
1 1 1 1 1 1 1 1 1 1 1 1 1 1 1 1
1 1 1 1 1 1 1 1 1 1 1 1 1 1 1 1
1 1 1 1 1 1 1 1 1 1 1 1 1 1 1 1
1 1 1 1 1 1 1 1 1 1 1 1 1 1 1 1
1 1 1 1 1 1 1 1 1 1 1 1 1 1 1 1
1 1 1 1 1 1 1 1 1 1 1 1 1 1 1 1
1 1 1 1 1 1 1 1 1 1 1 1 1 1 1 1
1 1 1 1 1 1 1 1 1 1 1 1 1 1 1 1
1 1 1 1 1 1 1 1 1 1 1 1 1 1 1 1
1 1 1 1 1 1 1 1 1 1 1 1 1 1 1 1
1 1 1 1 1 1 1 1 1 1 1 1 1 1 1 1
0 0 0 0 0 0 0 0 1 1 1 0 1 1 1 1
1 1 1 1 1 1 1 1 1 1 1 1 1 1 1 1
1 1 1 1 1 1 1 1 1 1 1 1 1 1 1 1
1 1 0 0 1 1 1 1 1 1 1 1 1 1 1 1
1 1 1 1 1 1 1 1 1 1 1 1 1 1 1 1
1 1 1 1 1 1 1 1 1 1 1 1 1 1 1 1
1 1 1 1 1 1 1 1 1 1 1 1 1 1 1 1
1 1 1 1 1 1 1 1 1 1 1 1 1 1 1 1
1 1 1 1 1 1 1 1 1 1 1 1 1 1 1 1
1 1 1 1 1 1 1 1 1 1 1 1 1 1 1 1
1 1 1 0 1 1 1 1 1 1 1 1 1 1 1 1
1 1 1 1 1 1 1 1 1 1 1 1 1 1 1 1
1 1 1 1 1 1 1 1 1 1 1 1 1 1 1 1
1 1 1 1 1 1 1 1 1 1 1 1 1 1 1 1
1 1 1 1 1 1 1 1 1 1 1 1 1 1 1 1
0 0 0 0 0 0 0 0 1 1 1 0 1 1 1 1
1 1 1 1 1 1 1 1 1 1 1 1 1 1 1 1
1 1 1 1 1 1 1 1 1 1 1 1 1 1 1 1
1 1 1 1 1 1 1 1 1 1 1 1 1 1 1 1
1 1 1 1 1 1 1 1 1 1 1 1 1 1 1 1
1 1 1 1 1 1 1 1 1 1 1 1 1 1 1 1
1 1 1 1 1 1 1 1 1 1 1 1 1 1 1 1
1 1 1 1 1 1 1 1 1 1 1 1 1 1 1 1
1 1 1 1 1 1 1 1 1 1 1 1 1 1 1 1
1 1 1 1 1 1 1 1 1 1 1 1 1 1 1 1
1 1 1 1 1 1 1 1 1 1 1 1 0 1 1 1
1 1 1 1 1 1 1 1 1 1 1 1 1 1 1 1
1 1 1 1 1 1 1 1 1 1 1 1 1 1 1 1
1 1 1 1 1 1 1 1 1 1 1 1 1 1 1 1
1 1 1 1 1 1 1 1 1 1 1 1 1 1 1 1
1 1 1 1 1 1 1 1 1 1 1 1 1 1 0 0
1 1 1 1 1 1 1 1 1 1 1 1 1 1 1 1
1 1 1 1 1 1 1 1 1 1 1 0 0 0 0 0
1 1 1 1 1 1 1 1 1 1 1 1 1 1 1 1
1 1 1 1 1 1 1 1 1 1 1 1 1 1 1 1
1 1 1 1 1 1 1 1 1 1 1 1 1 1 1 1
1 1 1 1 1 1 1 1 1 1 1 1 1 1 1 1
1 1 1 1 1 1 1 1 1 1 1 1 1 1 0 0
1 1 1 1 1 1 1 1 1 1 1 1 1 1 1 1
1 1 1 1 1 1 1 1 1 1 1 0 1 0 0 0
1 1 1 1 1 1 1 1 1 1 1 1 1 1 1 0
1 1 1 1 1 1 1 1 1 1 1 1 1 1 1 1
1 1 1 1 1 1 1 1 1 1 1 1 1 1 1 1
1 1 1 1 1 1 1 1 1 1 1 1 1 1 1 0
1 1 1 1 1 1 1 1 1 1 1 1 1 1 1 1
1 1 1 1 1 1 1 1 1 1 1 1 1 1 1 1
1 1 1 1 1 1 1 0 1 1 0 0 1 0 0 0
1 1 1 1 1 1 1 1 1 1 1 1 1 1 1 1
1 1 1 1 1 1 1 1 1 1 1 1 1 1 1 1
1 1 1 1 1 1 1 1 1 1 1 1 1 1 1 1
1 1 1 1 1 1 1 1 1 1 1 1 1 1 1 1
1 1 1 1 1 1 1 1 1 1 1 1 1 1 1 1
1 1 1 1 1 1 1 1 1 1 1 1 1 1 1 1
1 1 1 1 1 1 1 1 1 1 1 1 1 1 1 1
1 1 1 1 1 1 1 1 1 1 1 1 1 1 1 1
1 1 1 1 1 1 1 1 1 1 1 1 1 1 1 1
1 1 1 1 1 1 1 1 1 1 1 1 1 1 1 1
1 1 1 1 1 1 1 1 1 1 1 1 1 1 1 1
1 1 1 1 1 1 1 1 1 1 1 1 1 1 1 1
1 1 1 1 1 1 1 1 1 1 1 1 1 1 1 1
1 1 1 1 1 1 1 1 1 1 1 1 1 1 1 1
1 1 1 1 1 1 1 1 1 1 1 1 1 1 1 1
1 1 1 1 1 1 1 1 1 1 1 1 1 1 1 1
1 1 1 1 1 1 1 1 1 1 1 1 1 1 1 1
1 1 1 1 1 1 1 1 1 1 1 1 1 1 1 1
1 1 1 1 1 1 1 1 1 1 1 1 1 1 1 1
1 1 1 1 1 1 1 1 1 1 1 1 1 1 1 1
1 1 1 1 1 1 1 1 1 1 1 1 1 1 1 1
1 1 1 1 1 1 1 1 1 1 1 1 1 1 1 1
1 1 1 1 1 1 1 1 1 1 1 1 1 1 1 1
1 1 1 1 1 1 1 1 1 1 1 1 1 1 1 1
1 1 1 1 1 1 1 1 1 1 1 1 1 1 1 1
1 1 1 1 1 1 1 1 1 1 1 1 1 1 1 1
1 1 1 1 1 1 1 1 1 1 1 1 1 1 1 1
1 1 1 1 1 1 1 1 1 1 1 1 1 1 1 1
1 1 1 1 1 1 1 1 1 1 1 1 1 1 1 1
1 1 1 1 1 1 1 1 1 1 1 1 1 1 1 1
1 1 1 1 1 1 1 1 1 1 1 1 1 1 1 1
1 1 1 1 1 1 1 1 1 1 1 1 1 1 1 1
1 1 1 1 1 1 1 1 1 1 1 1 1 1 1 1
1 1 1 1 1 1 1 1 1 1 1 1 1 1 1 1
1 1 1 1 1 1 1 1 1 1 1 1 1 1 1 1
1 1 1 1 1 1 1 1 1 1 1 1 1 1 1 1
1 1 1 1 1 1 1 1 1 1 1 1 1 1 1 1
1 1 1 1 1 1 1 1 1 1 1 1 1 1 1 1
1 1 1 1 1 1 1 1 1 1 1 1 1 1 1 1
1 1 1 1 1 1 1 1 1 1 1 1 1 1 1 1
1 1 1 1 1 1 1 1 1 1 1 1 1 1 1 1
1 1 1 1 1 1 1 1 1 1 1 1 1 1 1 1
1 1 1 1 1 1 1 1 1 1 1 1 1 1 1 1
1 1 1 1 1 1 1 1 1 1 1 1 1 1 1 1
1 1 1 1 1 1 1 1 1 1 1 1 1 1 1 1
1 1 1 1 1 1 1 1 1 1 1 1 1 1 1 1
1 1 1 1 1 1 1 1 1 1 1 1 1 1 1 1
1 1 1 1 1 1 1 1 1 1 1 1 1 1 1 1
1 1 1 1 1 1 1 1 1 1 1 1 1 1 1 1
1 1 1 1 1 1 1 1 1 1 1 1 1 1 1 1
1 1 1 1 1 1 1 1 1 1 1 1 1 1 1 1
1 1 1 1 1 1 1 1 1 1 1 1 1 1 1 1
1 1 1 1 1 1 1 1 1 1 1 1 1 1 1 1
1 1 1 1 1 1 1 1 1 1 1 1 1 1 1 1
1 1 1 1 1 1 1 1 1 1 1 1 1 1 1 1
1 1 1 1 1 1 1 1 1 1 1 1 1 1 1 1
1 1 1 1 1 1 1 1 1 1 1 1 1 1 1 1
1 1 1 1 1 1 1 1 1 1 1 1 1 1 1 1
1 1 1 1 1 1 1 1 1 1 1 1 1 1 1 1
1 1 1 1 1 1 1 1 1 1 1 1 1 1 1 1
1 1 1 1 1 1 1 1 1 1 1 1 1 1 1 1
1 1 1 1 1 1 1 1 1 1 1 1 1 1 1 1
1 1 1 1 1 1 1 1 1 1 1 1 1 1 1 1
1 1 1 1 1 1 1 1 1 1 1 1 1 1 1 1
1 1 1 1 1 1 1 1 1 1 1 1 1 1 1 1
1 1 1 1 1 1 1 1 1 1 1 1 1 1 1 1
1 1 1 1 1 1 1 1 1 1 1 1 1 1 1 1
1 1 1 1 1 1 1 1 1 1 1 1 1 1 1 1
1 1 1 1 1 1 1 1 1 1 1 1 1 1 1 1
